0.00000000000000000e+00	0.00000000000000000e+00
1.00050025012506246e-03	1.17861040000000004e-02
2.00100050025012492e-03	1.63758080000000021e-02
3.00150075037518716e-03	2.05017440000000023e-02
4.00200100050024984e-03	2.38600639999999968e-02
5.00250125062531251e-03	2.68825520000000075e-02
6.00300150075037432e-03	2.78420720000000094e-02
7.00350175087543700e-03	3.13283279999999956e-02
8.00400200100049967e-03	3.32633599999999918e-02
9.00450225112556235e-03	3.54542639999999923e-02
1.00050025012506250e-02	3.70534639999999943e-02
1.10055027513756877e-02	4.05557120000000285e-02
1.20060030015007486e-02	4.06356720000000324e-02
1.30065032516258113e-02	4.30024879999999915e-02
1.40070035017508740e-02	4.51454159999999938e-02
1.50075037518759367e-02	4.56891439999999940e-02
1.60080040020009993e-02	4.89834960000000361e-02
1.70085042521260603e-02	4.84557599999999936e-02
1.80090045022511247e-02	5.11584079999999955e-02
1.90095047523761856e-02	5.08065839999999949e-02
2.00100050025012501e-02	5.40369679999999908e-02
2.10105052526263110e-02	5.53643039999999961e-02
2.20110055027513754e-02	5.57001359999999973e-02
2.30115057528764363e-02	5.62438640000000878e-02
2.40120060030014973e-02	5.94902399999999928e-02
2.50125062531265617e-02	6.00819439999999913e-02
2.60130065032516226e-02	5.96821439999999925e-02
2.70135067533766871e-02	6.41439119999999974e-02
2.80140070035017480e-02	6.29605040000000005e-02
2.90145072536268124e-02	6.65906879999999951e-02
3.00150075037518733e-02	6.63508079999999972e-02
3.10155077538769378e-02	6.37760959999999905e-02
3.20160080040019987e-02	6.95172240000000996e-02
3.30165082541270596e-02	6.93732960000000981e-02
3.40170085042521206e-02	7.10524559999998750e-02
3.50175087543771885e-02	7.08285679999998696e-02
3.60180090045022494e-02	7.33073280000001160e-02
3.70185092546273103e-02	7.20119760000001025e-02
3.80190095047523713e-02	7.63458079999998623e-02
3.90195097548774392e-02	7.58500559999998603e-02
4.00200100050025001e-02	7.77211200000001157e-02
4.10205102551275611e-02	7.67775920000001166e-02
4.20210105052526220e-02	7.71454080000001235e-02
4.30215107553776829e-02	8.04557519999998527e-02
4.40220110055027508e-02	8.29984799999998468e-02
4.50225112556278118e-02	8.09035280000001272e-02
4.60230115057528727e-02	8.38620480000001334e-02
4.70235117558779336e-02	7.99759920000001207e-02
4.80240120060029946e-02	8.77001279999998357e-02
4.90245122561280625e-02	8.39260159999998395e-02
5.00250125062531234e-02	8.66926320000001305e-02
5.10255127563781843e-02	8.71244160000001350e-02
5.20260130065032453e-02	8.94752399999998310e-02
5.30265132566283132e-02	8.88195679999998350e-02
5.40270135067533741e-02	9.33133200000001439e-02
5.50275137568784350e-02	8.94272640000001451e-02
5.60280140070034960e-02	9.14902320000001434e-02
5.70285142571285569e-02	9.50564479999998213e-02
5.80290145072536248e-02	8.98110719999998391e-02
5.90295147573786858e-02	9.83028240000001496e-02
6.00300150075037467e-02	9.39370080000001412e-02
6.10305152576288076e-02	9.47206159999998271e-02
6.20310155077538755e-02	9.84467519999998181e-02
6.30315157578789365e-02	9.56641440000001453e-02
6.40320160080039974e-02	1.02908520000000170e-01
6.50325162581290583e-02	9.71034240000001603e-02
6.60330165082541193e-02	1.02972488000000167e-01
6.70335167583791802e-02	1.01229360000000157e-01
6.80340170085042412e-02	1.01901023999999452e-01
6.90345172586293160e-02	1.01948999999999443e-01
7.00350175087543769e-02	1.04651648000000166e-01
7.10355177588794379e-02	1.03004472000000166e-01
7.20360180090044988e-02	1.06314816000000173e-01
7.30365182591295597e-02	1.08425760000000176e-01
7.40370185092546207e-02	1.05978984000000165e-01
7.50375187593796816e-02	1.11464240000000187e-01
7.60380190095047426e-02	1.03676136000000169e-01
7.70385192596298035e-02	1.12071935999999386e-01
7.80390195097548783e-02	1.08905519999999409e-01
7.90395197598799393e-02	1.12311816000000175e-01
8.00400200100050002e-02	1.12135904000000175e-01
8.10405202601300612e-02	1.15334304000000193e-01
8.20410205102551221e-02	1.11448248000000180e-01
8.30415207603801830e-02	1.16293824000000184e-01
8.40420210105052440e-02	1.11880032000000185e-01
8.50425212606303049e-02	1.20627656000000194e-01
8.60430215107553659e-02	1.13223359999999384e-01
8.70435217608804407e-02	1.15094423999999376e-01
8.80440220110055016e-02	1.20515712000000191e-01
8.90445222611305626e-02	1.20131904000000192e-01
9.00450225112556235e-02	1.19092424000000197e-01
9.10455227613806845e-02	1.23298320000000197e-01
9.20460230115057454e-02	1.18212864000000195e-01
9.30465232616308063e-02	1.22674632000000200e-01
9.40470235117558673e-02	1.26272832000000196e-01
9.50475237618809282e-02	1.22210864000000197e-01
9.60480240120059892e-02	1.27088423999999311e-01
9.70485242621310640e-02	1.25121407999999323e-01
9.80490245122561249e-02	1.21859040000000196e-01
9.90495247623811859e-02	1.24689624000000207e-01
1.00050025012506247e-01	1.32989472000000220e-01
1.01050525262631308e-01	1.24417760000000210e-01
1.02051025512756369e-01	1.27280328000000220e-01
1.03051525762881430e-01	1.29343296000000219e-01
1.04052026013006491e-01	1.32893520000000209e-01
1.05052526263131552e-01	1.32077927999999289e-01
1.06053026513256626e-01	1.27488223999999317e-01
1.07053526763381687e-01	1.38170880000000218e-01
1.08054027013506748e-01	1.30446744000000225e-01
1.09054527263631809e-01	1.32029952000000228e-01
1.10055027513756870e-01	1.37019456000000234e-01
1.11055527763881931e-01	1.36491720000000233e-01
1.12056028014006992e-01	1.36891520000000239e-01
1.13056528264132053e-01	1.33469232000000215e-01
1.14057028514257114e-01	1.37259335999999260e-01
1.15057528764382189e-01	1.41433247999999234e-01
1.16058029014507250e-01	1.37595168000000240e-01
1.17058529264632311e-01	1.36635648000000220e-01
1.18059029514757372e-01	1.44519704000000249e-01
1.19059529764882432e-01	1.39898016000000236e-01
1.20060030015007493e-01	1.46998464000000245e-01
1.21060530265132554e-01	1.39178376000000242e-01
1.22061030515257615e-01	1.43832048000000240e-01
1.23061530765382676e-01	1.45847039999999206e-01
1.24062031015507751e-01	1.40009960000000239e-01
1.25062531265632798e-01	1.43352288000000244e-01
1.26063031515757873e-01	1.51987968000000251e-01
1.27063531765882920e-01	1.40617656000000230e-01
1.28064032016007995e-01	1.52755583999998140e-01
1.29064532266133070e-01	1.45271328000000255e-01
1.30065032516258117e-01	1.53587168000000246e-01
1.31065532766383191e-01	1.43016456000000236e-01
1.32066033016508239e-01	1.54194864000000265e-01
1.33066533266633313e-01	1.52563680000000257e-01
1.34067033516758360e-01	1.49733096000000260e-01
1.35067533766883435e-01	1.55250336000000266e-01
1.36068034017008482e-01	1.48021952000000234e-01
1.37068534267133557e-01	1.53859031999998119e-01
1.38069034517258632e-01	1.58896512000000267e-01
1.39069534767383679e-01	1.56977472000000257e-01
1.40070035017508754e-01	1.54290816000000247e-01
1.41070535267633801e-01	1.54722600000000265e-01
1.42071035517758876e-01	1.55794064000000260e-01
1.43071535767883923e-01	1.60815552000000278e-01
1.44072036018008998e-01	1.56257832000000263e-01
1.45072536268134045e-01	1.63502208000000288e-01
1.46073036518259119e-01	1.58128895999998076e-01
1.47073536768384194e-01	1.54674624000000260e-01
1.48074037018509241e-01	1.69595160000000272e-01
1.49074537268634316e-01	1.62222848000000280e-01
1.50075037518759363e-01	1.56401760000000251e-01
1.51075537768884438e-01	1.66812552000000280e-01
1.52076038019009485e-01	1.61775072000000270e-01
1.53076538269134560e-01	1.65325296000000288e-01
1.54077038519259607e-01	1.68299808000000273e-01
1.55077538769384682e-01	1.59520199999998058e-01
1.56078039019509757e-01	1.73161376000000283e-01
1.57078539269634804e-01	1.67916000000000287e-01
1.58079039519759879e-01	1.69595160000000272e-01
1.59079539769884926e-01	1.70026944000000291e-01
1.60080040020010000e-01	1.65421248000000271e-01
1.61080540270135047e-01	1.70026944000000291e-01
1.62081040520260122e-01	1.72441736000000290e-01
1.63081540770385169e-01	1.75400256000000310e-01
1.64082041020510244e-01	1.70698607999997920e-01
1.65082541270635319e-01	1.68731592000000291e-01
1.66083041520760366e-01	1.75784064000000295e-01
1.67083541770885441e-01	1.72329792000000287e-01
1.68084042021010488e-01	1.76743584000000287e-01
1.69084542271135563e-01	1.76951480000000300e-01
1.70085042521260610e-01	1.74056928000000305e-01
1.71085542771385685e-01	1.78470720000000305e-01
1.72086043021510732e-01	1.74632640000000283e-01
1.73086543271635807e-01	1.82932487999997756e-01
1.74087043521760881e-01	1.75975968000000288e-01
1.75087543771885928e-01	1.80677616000000318e-01
1.76088044022011003e-01	1.77815048000000309e-01
1.77088544272136050e-01	1.80389760000000315e-01
1.78089044522261125e-01	1.85763072000000307e-01
1.79089544772386172e-01	1.82500704000000319e-01
1.80090045022511247e-01	1.79286312000000309e-01
1.81090545272636294e-01	1.87010448000000329e-01
1.82091045522761369e-01	1.85187359999997719e-01
1.83091545772886444e-01	1.80773568000000301e-01
1.84092046023011491e-01	1.91056424000000336e-01
1.85092546273136566e-01	1.84035936000000316e-01
1.86093046523261613e-01	1.87394256000000314e-01
1.87093546773386687e-01	1.91712096000000332e-01
1.88094047023511735e-01	1.84083912000000322e-01
1.89094547273636809e-01	1.84803552000000315e-01
1.90095047523761856e-01	1.96125888000000331e-01
1.91095547773886931e-01	1.89521192000000310e-01
1.92096048024011978e-01	1.88737584000000319e-01
1.93096548274137053e-01	1.93439231999997630e-01
1.94097048524262128e-01	1.97661120000000329e-01
1.95097548774387175e-01	1.84275816000000314e-01
1.96098049024512250e-01	2.04185856000000360e-01
1.97098549274637297e-01	1.87874016000000310e-01
1.98099049524762372e-01	1.93023440000000324e-01
1.99099549774887419e-01	2.02506696000000347e-01
2.00100050025012494e-01	1.95166368000000340e-01
2.01100550275137541e-01	1.99196352000000326e-01
2.02101050525262615e-01	1.93055423999997644e-01
2.03101550775387690e-01	2.00587656000000336e-01
2.04102051025512737e-01	1.99868016000000343e-01
2.05102551275637812e-01	2.00731584000000352e-01
2.06103051525762859e-01	1.93695104000000340e-01
2.07103551775887934e-01	2.03274312000000346e-01
2.08104052026012981e-01	2.01307296000000330e-01
2.09104552276138056e-01	2.08599648000000359e-01
2.10105052526263103e-01	2.02938480000000337e-01
2.11105552776388178e-01	2.03466215999997507e-01
2.12106053026513253e-01	2.06872512000000341e-01
2.13106553276638300e-01	1.98044928000000342e-01
2.14107053526763375e-01	2.10438728000000352e-01
2.15107553776888422e-01	2.07640128000000368e-01
2.16108054027013496e-01	2.05049424000000341e-01
2.17108554277138543e-01	2.08983456000000345e-01
2.18109054527263618e-01	2.06920488000000347e-01
2.19109554777388665e-01	2.11286304000000369e-01
2.20110055027513740e-01	2.16659615999997335e-01
2.21110555277638815e-01	2.03290304000000338e-01
2.22111055527763862e-01	2.10566664000000348e-01
2.23111555777888937e-01	2.16947472000000363e-01
2.24112056028013984e-01	2.12437728000000353e-01
2.25112556278139059e-01	2.11094400000000348e-01
2.26113056528264106e-01	2.11909992000000352e-01
2.27113556778389181e-01	2.17235328000000366e-01
2.28114057028514228e-01	2.13972960000000378e-01
2.29114557278639303e-01	2.19314287999997304e-01
2.30115057528764377e-01	2.08647624000000365e-01
2.31115557778889424e-01	2.27406240000000398e-01
2.32116058029014499e-01	2.09559168000000351e-01
2.33116558279139546e-01	2.26446720000000379e-01
2.34117058529264621e-01	2.14020936000000356e-01
2.35117558779389668e-01	2.22512688000000375e-01
2.36118059029514743e-01	2.23376256000000384e-01
2.37118559279639790e-01	2.19410240000000367e-01
2.38119059529764865e-01	2.21505191999997270e-01
2.39119559779889940e-01	2.28557664000000382e-01
2.40120060030014987e-01	2.22416736000000392e-01
2.41120560280140062e-01	2.19730080000000383e-01
2.42121060530265109e-01	2.26206840000000381e-01
2.43121560780390183e-01	2.26638624000000399e-01
2.44122061030515231e-01	2.25487200000000387e-01
2.45122561280640305e-01	2.27406240000000398e-01
2.46123061530765352e-01	2.29245320000000391e-01
2.47123561780890427e-01	2.22416735999997256e-01
2.48124062031015502e-01	2.34026928000000412e-01
2.49124562281140549e-01	2.32011936000003499e-01
2.50125062531265596e-01	2.28029927999997190e-01
2.51125562781390699e-01	2.28557663999997190e-01
2.52126063031515746e-01	2.37193344000003581e-01
2.53126563281640793e-01	2.31628128000003486e-01
2.54127063531765840e-01	2.28285799999997180e-01
2.55127563781890943e-01	2.39784047999997030e-01
2.56128064032015990e-01	2.35466208000003563e-01
2.57128564282141037e-01	2.27790047999997192e-01
2.58129064532266139e-01	2.36473703999997092e-01
2.59129564782391186e-01	2.40839520000003637e-01
2.60130065032516233e-01	2.41031424000003630e-01
2.61130565282641280e-01	2.32875503999997124e-01
2.62131065532766383e-01	2.39560159999997052e-01
2.63131565782891430e-01	2.38776552000003611e-01
2.64132066033016477e-01	2.43718080000003667e-01
2.65132566283141524e-01	2.39112383999997041e-01
2.66133066533266627e-01	2.43718079999996978e-01
2.67133566783391674e-01	2.35130376000003555e-01
2.68134067033516721e-01	2.52065903999996899e-01
2.69134567283641823e-01	2.39304287999997034e-01
2.70135067533766871e-01	2.44869504000003679e-01
2.71135567783891918e-01	2.43830024000003670e-01
2.72136068034016965e-01	2.49475199999996927e-01
2.73136568284142067e-01	2.42950463999997007e-01
2.74137068534267114e-01	2.46212832000003712e-01
2.75137568784392161e-01	2.50002935999996900e-01
2.76138069034517264e-01	2.53888991999996871e-01
2.77138569284642311e-01	2.43526176000003675e-01
2.78139069534767358e-01	2.52161856000003792e-01
2.79139569784892405e-01	2.47028423999996943e-01
2.80140070035017508e-01	2.56831519999996816e-01
2.81140570285142555e-01	2.44965456000003690e-01
2.82141070535267602e-01	2.53505184000003825e-01
2.83141570785392649e-01	2.55472199999996818e-01
2.84142071035517751e-01	2.52737567999996859e-01
2.85142571285642799e-01	2.52545664000003778e-01
2.86143071535767846e-01	2.60797535999996777e-01
2.87143571785892948e-01	2.51634119999996908e-01
2.88144072036017995e-01	2.63836016000003948e-01
2.89144572286143042e-01	2.55424224000003863e-01
2.90145072536268089e-01	2.66170847999996685e-01
2.91145572786393192e-01	2.46452711999996965e-01
2.92146073036518239e-01	2.67130368000004004e-01
2.93146573286643286e-01	2.63100383999996745e-01
2.94147073536768389e-01	2.56191839999996840e-01
2.95147573786893436e-01	2.60893488000003948e-01
2.96148074037018483e-01	2.64683592000003964e-01
2.97148574287143530e-01	2.65851007999996725e-01
2.98149074537268632e-01	2.63484191999996731e-01
2.99149574787393679e-01	2.64635616000003959e-01
3.00150075037518727e-01	2.67754056000004015e-01
3.01150575287643774e-01	2.68857503999996694e-01
3.02151075537768876e-01	2.62428719999996729e-01
3.03151575787893923e-01	2.67706080000004010e-01
3.04152076038018970e-01	2.65259303999996698e-01
3.05152576288144073e-01	2.74422719999996623e-01
3.06153076538269120e-01	2.68345760000004041e-01
3.07153576788394167e-01	2.72119872000004093e-01
3.08154077038519214e-01	2.68329767999996693e-01
3.09154577288644317e-01	2.73175343999996600e-01
3.10155077538769364e-01	2.83250304000004227e-01
3.11155577788894411e-01	2.65595135999996734e-01
3.12156078039019513e-01	2.64683591999996692e-01
3.13156578289144560e-01	2.90926464000004381e-01
3.14157078539269607e-01	2.72695584000004099e-01
3.15157578789394655e-01	2.75254303999996619e-01
3.16158079039519757e-01	2.66122871999996680e-01
3.17158579289644804e-01	2.92269792000004358e-01
3.18159079539769851e-01	2.71927968000004072e-01
3.19159579789894898e-01	2.85745055999996500e-01
3.20160080040020001e-01	2.73463199999996631e-01
3.21160580290145048e-01	2.82338760000004241e-01
3.22161080540270095e-01	2.86704575999996492e-01
3.23161580790395198e-01	2.78644607999996574e-01
3.24162081040520245e-01	2.79508176000004216e-01
3.25162581290645292e-01	2.86624616000004273e-01
3.26163081540770339e-01	2.81139359999996508e-01
3.27163581790895441e-01	2.92653599999996406e-01
3.28164082041020488e-01	2.83058400000004262e-01
3.29164582291145535e-01	2.92701575999996411e-01
3.30165082541270638e-01	2.76917471999996556e-01
3.31165582791395685e-01	2.99082384000004475e-01
3.32166083041520732e-01	2.89007424000004343e-01
3.33166583291645779e-01	2.87328263999996447e-01
3.34167083541770882e-01	2.89839007999996456e-01
3.35167583791895929e-01	2.96491680000004421e-01
3.36168084042020976e-01	2.87664096000004310e-01
3.37168584292146023e-01	2.88863495999996445e-01
3.38169084542271126e-01	3.02728559999996316e-01
3.39169584792396173e-01	2.98602624000004480e-01
3.40170085042521220e-01	2.86128863999996486e-01
3.41170585292646322e-01	2.95915967999996365e-01
3.42171085542771369e-01	3.01529160000004515e-01
3.43171585792896416e-01	3.02312768000004506e-01
3.44172086043021463e-01	2.93421215999996376e-01
3.45172586293146566e-01	2.96395727999996361e-01
3.46173086543271613e-01	3.05559144000004557e-01
3.47173586793396660e-01	2.99178335999996325e-01
3.48174087043521763e-01	3.01481183999996294e-01
3.49174587293646810e-01	2.95724064000004450e-01
3.50175087543771857e-01	3.13235304000004655e-01
3.51175587793896904e-01	3.00329759999996337e-01
3.52176088044022007e-01	3.02632607999996306e-01
3.53176588294147054e-01	3.03560144000004528e-01
3.54177088544272101e-01	3.12275784000004664e-01
3.55177588794397148e-01	2.99945951999996352e-01
3.56178089044522250e-01	3.11843999999996180e-01
3.57178589294647297e-01	3.09157344000004608e-01
3.58179089544772344e-01	3.08629607999996225e-01
3.59179589794897447e-01	3.08581631999996220e-01
3.60180090045022494e-01	3.12131856000004648e-01
3.61180590295147541e-01	3.16833504000004762e-01
3.62181090545272588e-01	3.07925959999996224e-01
3.63181590795397691e-01	3.08773535999996240e-01
3.64182091045522738e-01	3.24701568000004825e-01
3.65182591295647785e-01	3.11843999999996180e-01
3.66183091545772887e-01	3.15490175999996181e-01
3.67183591795897935e-01	3.09589128000004654e-01
3.68184092046022982e-01	3.29019408000004898e-01
3.69184592296148029e-01	3.20479679999996103e-01
3.70185092546273131e-01	3.11843999999996180e-01
3.71185592796398178e-01	3.14002920000004682e-01
3.72186093046523225e-01	3.28027904000004922e-01
3.73186593296648272e-01	3.23550143999996043e-01
3.74187093546773375e-01	3.17793023999996149e-01
3.75187593796898422e-01	3.25805016000004888e-01
3.76188094047023469e-01	3.22782527999996072e-01
3.77188594297148572e-01	3.24317759999996069e-01
3.78189094547273619e-01	3.19712064000004792e-01
3.79189594797398666e-01	3.32041896000004944e-01
3.80190095047523713e-01	3.28347743999996000e-01
3.81190595297648815e-01	3.29691071999995977e-01
3.82191095547773863e-01	3.15554144000004699e-01
3.83191595797898910e-01	3.42308760000005097e-01
3.84192096048023957e-01	3.31610111999995960e-01
3.85192596298149059e-01	3.29691071999995977e-01
3.86193096548274106e-01	3.25661088000004872e-01
3.87193596798399153e-01	3.43364231999995828e-01
3.88194097048524256e-01	3.26620607999996038e-01
3.89194597298649303e-01	3.38710560000005045e-01
3.90195097548774350e-01	3.38806512000005056e-01
3.91195597798899397e-01	3.30122855999996023e-01
3.92196098049024500e-01	3.38006911999995885e-01
3.93196598299149547e-01	3.40821504000005104e-01
3.94197098549274594e-01	3.41205311999995875e-01
3.95197598799399696e-01	3.32377727999995987e-01
3.96198099049524743e-01	3.42212808000005086e-01
3.97198599299649791e-01	3.44851488000005146e-01
3.98199099549774838e-01	3.45331247999995816e-01
3.99199599799899940e-01	3.40245791999995884e-01
4.00200100050024987e-01	3.45091368000005172e-01
4.01200600300150034e-01	3.42740544000005087e-01
4.02201100550275081e-01	3.50480671999995774e-01
4.03201600800400184e-01	3.48689567999995786e-01
4.04202101050525231e-01	3.47010408000005155e-01
4.05202601300650278e-01	3.42932447999995837e-01
4.06203101550775381e-01	3.51280271999995786e-01
4.07203601800900428e-01	3.49649088000005215e-01
4.08204102051025475e-01	3.56605608000005292e-01
4.09204602301150522e-01	3.48689567999995786e-01
4.10205102551275624e-01	3.53679071999995764e-01
4.11205602801400671e-01	3.50608608000005206e-01
4.12206103051525719e-01	3.59164327999995703e-01
4.13206603301650821e-01	3.53775023999995719e-01
4.14207103551775868e-01	3.57133344000005348e-01
4.15207603801900915e-01	3.53103360000005251e-01
4.16208104052025962e-01	3.58140839999995686e-01
4.17208604302151065e-01	3.57517151999995675e-01
4.18209104552276112e-01	3.68647584000005468e-01
4.19209604802401159e-01	3.59244288000005352e-01
4.20210105052526206e-01	3.57757031999995700e-01
4.21210605302651309e-01	3.57037391999995679e-01
4.22211105552776356e-01	3.71782016000005544e-01
4.23211605802901403e-01	3.62890463999995638e-01
4.24212106053026505e-01	3.61211303999995681e-01
4.25212606303151552e-01	3.59820000000005358e-01
4.26213106553276599e-01	3.83999904000005721e-01
4.27213606803401647e-01	3.59052383999995672e-01
4.28214107053526749e-01	3.62938439999995643e-01
4.29214607303651796e-01	3.77954928000005630e-01
4.30215107553776843e-01	3.75556127999995493e-01
4.31215607803901946e-01	3.73061375999995504e-01
4.32216108054026993e-01	3.64857480000005452e-01
4.33216608304152040e-01	3.76387712000005592e-01
4.34217108554277087e-01	3.76131839999995499e-01
4.35217608804402190e-01	3.80161823999995430e-01
4.36218109054527237e-01	3.66584616000005470e-01
4.37218609304652284e-01	3.88893456000005799e-01
4.38219109554777331e-01	3.70758527999995535e-01
4.39219609804902433e-01	3.80929439999995456e-01
4.40220110055027480e-01	3.74452680000005589e-01
4.41220610305152527e-01	3.91100351999995322e-01
4.42221110555277630e-01	3.75748031999995513e-01
4.43221610805402677e-01	3.84831488000005717e-01
4.44222111055527724e-01	3.72917448000005536e-01
4.45222611305652771e-01	3.97721039999995252e-01
4.46223111555777874e-01	3.87837983999995362e-01
4.47223611805902921e-01	3.87837984000005742e-01
4.48224112056027968e-01	3.77906951999995466e-01
4.49224612306153070e-01	3.96665567999995250e-01
4.50225112556278118e-01	3.94746528000005870e-01
4.51225612806403165e-01	3.92251776000005825e-01
4.52226113056528212e-01	3.77427191999995471e-01
4.53226613306653314e-01	3.98264767999995273e-01
4.54227113556778361e-01	4.05109344000006033e-01
4.55227613806903408e-01	3.85343232000005753e-01
4.56228114057028455e-01	3.88461671999995373e-01
4.57228614307153558e-01	4.02230783999995234e-01
4.58229114557278605e-01	4.07604096000006078e-01
4.59229614807403652e-01	3.86686559999995405e-01
4.60230115057528755e-01	3.98344727999995263e-01
4.61230615307653802e-01	4.10482656000006108e-01
4.62231115557778849e-01	4.04341728000006007e-01
4.63231615807903896e-01	3.84959423999995387e-01
4.64232116058028998e-01	4.11362215999995118e-01
4.65232616308154046e-01	4.11442176000006099e-01
4.66233116558279093e-01	4.10290751999995096e-01
4.67233616808404195e-01	3.89996903999995370e-01
4.68234117058529242e-01	4.22284752000006258e-01
4.69234617308654289e-01	4.07796000000006043e-01
4.70235117558779336e-01	4.12209791999995079e-01
4.71235617808904439e-01	4.01703047999995233e-01
4.72236118059029486e-01	4.21037376000006236e-01
4.73236618309154533e-01	4.12209792000006126e-01
4.74237118559279580e-01	4.14320735999995082e-01
4.75237618809404683e-01	4.13281255999995101e-01
4.76238119059529730e-01	4.17679056000006210e-01
4.77238619309654777e-01	4.22188799999994979e-01
4.78239119559779879e-01	4.15664063999995059e-01
4.79239619809904926e-01	4.20509640000006235e-01
4.80240120060029974e-01	4.15855968000006182e-01
4.81240620310155021e-01	4.24299743999994983e-01
4.82241120560280123e-01	4.25259263999994974e-01
4.83241620810405170e-01	4.26458664000006316e-01
4.84242121060530217e-01	4.18638575999995044e-01
4.85242621310655320e-01	4.21485151999994978e-01
4.86243121560780367e-01	4.40851464000006521e-01
4.87243621810905414e-01	4.26218784000006345e-01
4.88244122061030461e-01	4.14320735999995082e-01
4.89244622311155564e-01	4.38116831999994794e-01
4.90245122561280611e-01	4.43730024000006606e-01
4.91245622811405658e-01	4.24875456000006313e-01
4.92246123061530705e-01	4.25643071999994960e-01
4.93246623311655807e-01	4.37445167999994833e-01
4.94247123561780854e-01	4.52365704000006696e-01
4.95247623811905902e-01	4.21996895999995014e-01
4.96248124062031004e-01	4.33767007999994847e-01
4.97248624312156051e-01	4.48719528000006640e-01
4.98249124562281098e-01	4.44065856000006587e-01
4.99249624812406145e-01	4.34662560000006470e-01
5.00250125062531192e-01	4.37349215999994823e-01
5.01250625312656295e-01	4.48047863999982088e-01
5.02251125562781398e-01	4.52701536000006732e-01
5.03251625812906389e-01	4.42338720000006569e-01
5.04252126063031492e-01	4.36965407999982514e-01
5.05252626313156594e-01	4.64071848000006892e-01
5.06253126563281586e-01	4.44257760000006607e-01
5.07253626813406688e-01	4.47392192000006628e-01
5.08254127063531680e-01	4.54284744000006735e-01
5.09254627313656782e-01	4.56443663999981708e-01
5.10255127563781885e-01	4.53852960000006744e-01
5.11255627813906877e-01	4.55196288000006777e-01
5.12256128064031979e-01	4.51214279999981926e-01
5.13256628314157082e-01	4.69780992000006947e-01
5.14257128564282073e-01	4.62680544000006855e-01
5.15257628814407176e-01	4.55436167999981767e-01
5.16258129064532278e-01	4.57499136000006801e-01
5.17258629314657270e-01	4.69109328000006931e-01
5.18259129564782373e-01	4.61017376000006807e-01
5.19259629814907364e-01	4.69445160000006967e-01
5.20260130065032467e-01	4.63064351999981472e-01
5.21260630315157569e-01	4.61721024000006863e-01
5.22261130565282561e-01	4.76353704000007039e-01
5.23261630815407663e-01	4.66326719999981321e-01
5.24262131065532766e-01	4.74194784000007030e-01
5.25262631315657758e-01	4.62392688000006880e-01
5.26263131565782860e-01	4.87292231999980507e-01
5.27263631815907963e-01	4.73427168000007004e-01
5.28264132066032954e-01	4.75154304000007022e-01
5.29264632316158057e-01	4.75266248000007052e-01
5.30265132566283048e-01	4.89930912000007268e-01
5.31265632816408151e-01	4.74194783999980995e-01
5.32266133066533254e-01	4.83070344000007146e-01
5.33266633316658245e-01	4.82734512000007165e-01
5.34267133566783348e-01	4.78416671999980836e-01
5.35267633816908450e-01	5.00101824000007356e-01
5.36268134067033442e-01	4.80575592000007101e-01
5.37268634317158544e-01	4.87244255999980502e-01
5.38269134567283647e-01	4.93768992000007290e-01
5.39269634817408638e-01	4.90362696000007259e-01
5.40270135067533741e-01	4.98630559999980016e-01
5.41270635317658844e-01	4.85421168000007175e-01
5.42271135567783835e-01	4.98422664000007398e-01
5.43271635817908938e-01	5.00485632000007397e-01
5.44272136068033929e-01	5.01828960000007429e-01
5.45272636318159032e-01	4.88395679999980459e-01
5.46273136568284134e-01	5.10512616000007524e-01
5.47273636818409126e-01	4.93960896000007310e-01
5.48274137068534229e-01	5.04707519999979759e-01
5.49274637318659331e-01	5.07058344000007488e-01
5.50275137568784323e-01	5.09217264000007552e-01
5.51275637818909425e-01	5.10720511999979587e-01
5.52276138069034528e-01	5.08209768000007500e-01
5.53276638319159519e-01	5.03748000000007412e-01
5.54277138569284622e-01	5.20827456000007682e-01
5.55277638819409614e-01	5.12815464000007548e-01
5.56278139069534716e-01	5.20251743999979199e-01
5.57278639319659819e-01	5.09697024000007493e-01
5.58279139569784810e-01	5.18092824000007668e-01
5.59279639819909913e-01	5.30422655999978732e-01
5.60280140070035015e-01	5.13918912000007611e-01
5.61280640320160007e-01	5.26440648000007783e-01
5.62281140570285110e-01	5.08929407999979655e-01
5.63281640820410212e-01	5.42000864000008020e-01
5.64282141070535204e-01	5.23562088000007697e-01
5.65282641320660306e-01	5.32149792000007893e-01
5.66283141570785298e-01	5.21307216000007734e-01
5.67283641820910400e-01	5.37187271999978511e-01
5.68284142071035503e-01	5.44047840000008054e-01
5.69284642321160494e-01	5.29655040000007848e-01
5.70285142571285597e-01	5.22218759999979132e-01
5.71285642821410700e-01	5.51724000000008208e-01
5.72286143071535691e-01	5.40785472000008038e-01
5.73286643321660794e-01	5.44287719999978270e-01
5.74287143571785896e-01	5.34900416000007928e-01
5.75287643821910888e-01	5.48941392000008133e-01
5.76288144072035990e-01	5.49661031999978067e-01
5.77288644322161093e-01	5.51340192000008167e-01
5.78289144572286085e-01	5.33493120000007925e-01
5.79289644822411187e-01	5.63094312000008368e-01
5.80290145072536179e-01	5.62662528000008266e-01
5.81290645322661281e-01	5.53259231999977952e-01
5.82291145572786384e-01	5.47358184000008130e-01
5.83291645822911375e-01	5.66212752000008313e-01
5.84292146073036478e-01	5.60791463999977591e-01
5.85292646323161581e-01	5.61958880000008265e-01
5.86293146573286572e-01	5.60359680000008242e-01
5.87293646823411675e-01	5.71921895999977226e-01
5.88294147073536777e-01	5.67268224000008425e-01
5.89294647323661769e-01	5.70146784000008400e-01
5.90295147573786871e-01	5.65589064000008301e-01
5.91295647823911863e-01	5.81948880000008550e-01
5.92296148074036966e-01	5.71298207999977214e-01
5.93296648324162068e-01	5.74416648000008467e-01
5.94297148574287060e-01	5.78974368000008566e-01
5.95297648824412162e-01	5.74416647999977159e-01
5.96298149074537265e-01	5.91831936000008718e-01
5.97298649324662256e-01	5.86714496000008690e-01
5.98299149574787359e-01	5.80749479999976947e-01
5.99299649824912462e-01	5.78686512000008535e-01
6.00300150075037453e-01	5.94374664000008823e-01
6.01300650325162556e-01	6.02962368000008908e-01
6.02301150575287547e-01	5.93750976000008812e-01
6.03301650825412650e-01	5.71154279999977255e-01
6.04302151075537752e-01	6.08719488000008968e-01
6.05302651325662744e-01	6.18170760000009145e-01
6.06303151575787846e-01	6.04305695999976078e-01
6.07303651825912949e-01	5.92407648000008780e-01
6.08304152076037941e-01	6.02402648000008867e-01
6.09304652326163043e-01	6.21385151999975460e-01
6.10305152576288146e-01	6.21816936000009202e-01
6.11305652826413137e-01	5.92023840000008739e-01
6.12306153076538240e-01	6.14716487999975691e-01
6.13306653326663342e-01	6.28869408000009233e-01
6.14307153576788334e-01	6.21816936000009202e-01
6.15307653826913437e-01	6.13325184000009016e-01
6.16308154077038428e-01	6.23208240000009184e-01
6.17308654327163531e-01	6.43693991999974569e-01
6.18309154577288633e-01	6.17930880000009064e-01
6.19309654827413625e-01	6.32371656000009330e-01
6.20310155077538727e-01	6.28357663999975169e-01
6.21310655327663830e-01	6.45037320000009462e-01
6.22311155577788822e-01	6.44029824000009521e-01
6.23311655827913924e-01	6.26038823999975236e-01
6.24312156078039027e-01	6.40863408000009405e-01
6.25312656328164018e-01	6.61157256000009741e-01
6.26313156578289121e-01	6.48251712000009528e-01
6.27313656828414112e-01	6.53289192000009677e-01
6.28314157078539215e-01	6.39040319999974793e-01
6.29314657328664318e-01	6.70752456000009878e-01
6.30315157578789309e-01	6.61493088000009721e-01
6.31315657828914412e-01	6.62884391999973954e-01
6.32316158079039514e-01	6.54456608000009599e-01
6.33316658329164506e-01	6.71999832000009900e-01
6.34317158579289608e-01	6.76845407999973392e-01
6.35317658829414711e-01	6.75933864000009987e-01
6.36318159079539702e-01	6.64227720000009847e-01
6.37318659329664805e-01	6.94884384000010291e-01
6.38319159579789797e-01	6.78812424000009962e-01
6.39319659829914899e-01	6.88359647999972957e-01
6.40320160080040002e-01	6.80155752000009994e-01
6.41320660330164993e-01	7.03088280000010335e-01
6.42321160580290096e-01	6.95651999999972737e-01
6.43321660830415198e-01	7.06126760000010401e-01
6.44322161080540190e-01	6.98770440000010318e-01
6.45322661330665293e-01	6.97571039999972609e-01
6.46323161580790395e-01	7.21031304000010587e-01
6.47323661830915387e-01	7.17001320000010600e-01
6.48324162081040489e-01	7.23286176000010661e-01
6.49324662331165481e-01	7.05295176000010349e-01
6.50325162581290583e-01	7.31681975999971423e-01
6.51325662831415686e-01	7.42524552000010885e-01
6.52326163081540678e-01	7.44395616000010918e-01
6.53326663331665780e-01	7.17385127999971894e-01
6.54327163581790883e-01	7.56725448000011180e-01
6.55327663831915874e-01	7.58324648000011203e-01
6.56328164082040977e-01	7.61523047999970282e-01
6.57328664332166079e-01	7.34272680000010780e-01
6.58329164582291071e-01	7.79657976000011521e-01
6.59329664832416174e-01	7.86662471999969415e-01
6.60330165082541276e-01	7.80569520000011452e-01
6.61330665332666268e-01	7.62098760000011199e-01
6.62331165582791370e-01	7.97984808000011703e-01
6.63331665832916362e-01	8.30080752000012190e-01
6.64332166083041464e-01	8.19526031999968207e-01
6.65332666333166567e-01	7.89445080000011568e-01
6.66333166583291558e-01	8.59993788000012693e-01
6.67333666833416661e-01	8.98078735999965350e-01
6.68334167083541764e-01	8.76137712000012892e-01
6.69334667333666755e-01	7.90644480000011640e-01
6.70335167583791858e-01	8.94752399999965475e-01
6.71335667833916960e-01	9.21427056000013511e-01
6.72336168084041952e-01	8.44569504000012405e-01
6.73336668334167054e-01	8.44761408000012426e-01
6.74337168584292046e-01	8.56467552000012566e-01
6.75337668834417149e-01	8.88995279999965637e-01
6.76338169084542251e-01	8.73642960000012847e-01
6.77338669334667243e-01	8.53397088000012571e-01
6.78339169584792345e-01	8.55316127999966924e-01
6.79339669834917448e-01	8.98654448000013151e-01
6.80340170085042439e-01	8.73738912000012857e-01
6.81340670335167542e-01	8.70092735999966393e-01
6.82341170585292645e-01	8.03502048000011793e-01
6.83341670835417636e-01	9.28527504000013604e-01
6.84342171085542739e-01	8.55603984000012585e-01
6.85342671335667730e-01	8.70476544000012842e-01
6.86343171585792833e-01	8.26338623999967936e-01
6.87343671835917935e-01	9.19028256000013477e-01
6.88344172086042927e-01	8.59825872000012592e-01
6.89344672336168030e-01	8.47352111999967184e-01
6.90345172586293132e-01	8.57714928000012589e-01
6.91345672836418124e-01	9.01628960000013246e-01
6.92346173086543226e-01	8.46584495999967213e-01
6.93346673336668329e-01	8.67310128000012726e-01
6.94347173586793320e-01	8.26626480000012154e-01
6.95347673836918423e-01	9.01660943999965214e-01
6.96348174087043525e-01	8.93696928000013102e-01
6.97348674337168517e-01	8.30176704000012200e-01
6.98349174587293620e-01	8.73067248000012786e-01
6.99349674837418611e-01	8.47544016000012501e-01
7.00350175087543714e-01	9.04443551999965178e-01
7.01350675337668816e-01	8.33247168000012306e-01
7.02351175587793808e-01	8.80071744000012979e-01
7.03351675837918910e-01	8.38300639999967512e-01
7.04352176088044013e-01	9.09816864000013381e-01
7.05352676338169005e-01	8.23651968000012169e-01
7.06353176588294107e-01	8.94560495999965455e-01
7.07353676838419210e-01	8.18950320000012000e-01
7.08354177088544201e-01	9.22674432000013534e-01
7.09354677338669304e-01	8.28641472000012147e-01
7.10355177588794295e-01	8.84485536000013006e-01
7.11355677838919398e-01	8.33630975999967716e-01
7.12356178089044501e-01	9.08953296000013400e-01
7.13356678339169492e-01	8.42554512000012412e-01
7.14357178589294595e-01	8.73834863999966238e-01
7.15357678839419697e-01	8.52885344000012591e-01
7.16358179089544689e-01	8.88131712000013063e-01
7.17358679339669791e-01	8.54068751999967013e-01
7.18359179589794894e-01	8.74986288000012880e-01
7.19359679839919886e-01	8.50614480000012496e-01
7.20360180090044988e-01	8.98398576000013160e-01
7.21360680340169980e-01	8.33439072000012215e-01
7.22361180590295082e-01	8.64527519999966576e-01
7.23361680840420185e-01	8.63376096000012638e-01
7.24362181090545176e-01	8.65678944000012773e-01
7.25362681340670279e-01	8.73930815999966248e-01
7.26363181590795381e-01	8.56755408000012597e-01
7.27363681840920373e-01	8.39068256000012336e-01
7.28364182091045476e-01	8.85157199999965782e-01
7.29364682341170578e-01	8.67597984000012756e-01
7.30365182591295570e-01	8.70860352000012772e-01
7.31365682841420672e-01	8.45912831999967252e-01
7.32366183091545775e-01	8.83621968000013025e-01
7.33366683341670766e-01	8.71244160000012813e-01
7.34367183591795869e-01	8.34974304000012268e-01
7.35367683841920861e-01	8.78056752000012875e-01
7.36368184092045963e-01	8.54356607999966933e-01
7.37368684342171066e-01	8.52341616000012570e-01
7.38369184592296057e-01	8.75178192000012900e-01
7.39369684842421160e-01	8.70924319999966334e-01
7.40370185092546262e-01	8.62320624000012637e-01
7.41370685342671254e-01	8.62320624000012637e-01
7.42371185592796357e-01	8.47160207999967163e-01
7.43371685842921459e-01	8.87460048000012991e-01
7.44372186093046451e-01	8.50902336000012527e-01
7.45372686343171553e-01	8.91585984000013099e-01
7.46373186593296545e-01	8.33247168000012306e-01
7.47373686843421647e-01	8.71052255999966385e-01
7.48374187093546750e-01	8.64239664000012731e-01
7.49374687343671742e-01	8.52533520000012479e-01
7.50375187593796844e-01	8.59250159999966789e-01
7.51375687843921947e-01	8.78312624000012865e-01
7.52376188094046938e-01	8.54356608000012563e-01
7.53376688344172041e-01	8.53109231999967021e-01
7.54377188594297143e-01	8.77481040000012924e-01
7.55377688844422135e-01	8.57427072000012558e-01
7.56378189094547237e-01	8.36317632000012301e-01
7.57378689344672229e-01	8.86212672000013080e-01
7.58379189594797332e-01	8.69612975999966342e-01
7.59379689844922434e-01	8.34398592000012318e-01
7.60380190095047426e-01	8.87460048000012991e-01
7.61380690345172528e-01	8.48503535999967196e-01
7.62381190595297631e-01	8.98590480000013181e-01
7.63381690845422622e-01	8.41563008000012380e-01
7.64382191095547725e-01	8.60113727999966771e-01
7.65382691345672828e-01	8.68653456000012758e-01
7.66383191595797819e-01	8.59921824000012602e-01
7.67383691845922922e-01	8.46488544000012499e-01
7.68384192096047913e-01	8.95520016000013186e-01
7.69384692346173016e-01	8.36125727999967649e-01
7.70385192596298118e-01	8.66158704000012714e-01
7.71385692846423110e-01	8.67502032000012746e-01
7.72386193096548213e-01	8.59921823999966750e-01
7.73386693346673315e-01	8.42074752000012361e-01
7.74387193596798307e-01	8.40923328000012349e-01
7.75387693846923409e-01	8.90402575999965640e-01
7.76388194097048512e-01	8.58194688000012640e-01
7.77388694347173503e-01	8.54740416000012604e-01
7.78389194597298606e-01	8.58866351999966748e-01
7.79389694847423709e-01	8.67118224000012705e-01
7.80390195097548700e-01	8.56467552000012566e-01
7.81390695347673803e-01	8.76905328000012863e-01
7.82391195597798794e-01	8.48791392000012523e-01
7.83391695847923897e-01	8.56755407999966856e-01
7.84392196098048999e-01	8.84677440000013027e-01
7.85392696348173991e-01	8.53780896000012501e-01
7.86393196598299093e-01	8.49559007999967086e-01
7.87393696848424196e-01	8.80935312000012960e-01
7.88394197098549188e-01	8.44249664000012445e-01
7.89394697348674290e-01	8.63472047999966574e-01
7.90395197598799393e-01	8.81127216000012981e-01
7.91395697848924384e-01	8.48887344000012534e-01
7.92396198099049487e-01	8.51478048000012477e-01
7.93396698349174478e-01	8.54932320000012624e-01
7.94397198599299581e-01	8.78152703999966033e-01
7.95397698849424684e-01	8.57618976000012578e-01
7.96398199099549675e-01	8.46104736000012458e-01
7.97398699349674778e-01	8.74026767999966259e-01
7.98399199599799880e-01	8.52821376000012510e-01
7.99399699849924872e-01	8.46488544000012499e-01
8.00400200100049974e-01	8.92897327999965573e-01
8.01400700350175077e-01	8.48599488000012503e-01
8.02401200600300069e-01	8.43034272000012352e-01
8.03401700850425171e-01	8.45145216000012467e-01
8.04402201100550163e-01	9.00797376000013195e-01
8.05402701350675265e-01	8.39963807999967504e-01
8.06403201600800368e-01	8.59154208000012631e-01
8.07403701850925359e-01	8.73451056000012827e-01
8.08404202101050462e-01	8.50998287999967018e-01
8.09404702351175565e-01	8.59250160000012642e-01
8.10405202601300556e-01	8.43801888000012434e-01
8.11405702851425659e-01	8.79016271999966015e-01
8.12406203101550761e-01	8.51350112000012538e-01
8.13406703351675753e-01	8.57427072000012558e-01
8.14407203601800855e-01	8.87172191999965776e-01
8.15407703851925958e-01	8.40923328000012349e-01
8.16408204102050949e-01	8.48695440000012513e-01
8.17408704352176052e-01	8.89379088000013085e-01
8.18409204602301044e-01	8.40731424000012328e-01
8.19409704852426146e-01	8.60209679999966781e-01
8.20410205102551249e-01	8.47448064000012491e-01
8.21410705352676240e-01	8.79208176000012886e-01
8.22411205602801343e-01	8.61648959999966713e-01
8.23411705852926445e-01	8.35358112000012309e-01
8.24412206103051437e-01	8.48503536000012493e-01
8.25412706353176540e-01	8.92417567999965522e-01
8.26413206603301642e-01	8.53588992000012592e-01
8.27413706853426634e-01	8.40347616000012398e-01
8.28414207103551736e-01	8.85732912000013028e-01
8.29414707353676728e-01	8.52245664000012559e-01
8.30415207603801830e-01	8.57139215999966897e-01
8.31415707853926933e-01	8.47256160000012470e-01
8.32416208104051925e-01	8.78344608000012905e-01
8.33416708354177027e-01	8.43609983999967339e-01
8.34417208604302130e-01	8.54932320000012624e-01
8.35417708854427121e-01	8.86692432000013020e-01
8.36418209104552224e-01	8.57906831999966868e-01
8.37418709354677326e-01	8.36189696000012250e-01
8.38419209604802318e-01	8.55508032000012575e-01
8.39419709854927421e-01	8.78056752000012875e-01
8.40420210105052412e-01	8.50806384000012517e-01
8.41420710355177515e-01	8.55795887999966864e-01
8.42421210605302617e-01	8.47831872000012421e-01
8.43421710855427609e-01	8.76329616000012912e-01
8.44422211105552711e-01	8.62032767999966643e-01
8.45422711355677814e-01	8.25187200000012111e-01
8.46423211605802805e-01	8.91873840000013129e-01
8.47423711855927908e-01	8.62512527999966694e-01
8.48424212106053011e-01	8.38140720000012274e-01
8.49424712356178002e-01	8.39068256000012336e-01
8.50425212606303105e-01	8.89379087999965678e-01
8.51425712856428207e-01	8.64335616000012741e-01
8.52426213106553199e-01	8.41115232000012369e-01
8.53426713356678301e-01	8.41786896000012330e-01
8.54427213606803293e-01	8.83813872000012934e-01
8.55427713856928396e-01	8.64143711999966646e-01
8.56428214107053498e-01	8.52341616000012570e-01
8.57428714357178490e-01	8.22884352000012087e-01
8.58429214607303592e-01	8.97055247999965388e-01
8.59429714857428695e-01	8.53876848000012512e-01
8.60430215107553686e-01	8.49750912000012515e-01
8.61430715357678789e-01	8.81319119999965928e-01
8.62431215607803892e-01	8.53652960000012562e-01
8.63431715857928883e-01	8.43034272000012352e-01
8.64432216108053986e-01	8.39963808000012357e-01
8.65432716358178977e-01	8.92257648000013059e-01
8.66433216608304080e-01	8.46104735999967272e-01
8.67433716858429182e-01	8.60497536000012664e-01
8.68434217108554174e-01	8.46488544000012499e-01
8.69434717358679277e-01	8.77864847999966114e-01
8.70435217608804379e-01	8.40443568000012409e-01
8.71435717858929371e-01	8.58386592000012660e-01
8.72436218109054473e-01	8.54644463999966963e-01
8.73436718359179576e-01	8.83046256000012963e-01
8.74437218609304567e-01	8.35230176000012259e-01
8.75437718859429670e-01	8.56467552000012566e-01
8.76438219109554661e-01	8.48983296000012433e-01
8.77438719359679764e-01	8.95615967999965457e-01
8.78439219609804867e-01	8.16359616000012056e-01
8.79439719859929858e-01	8.53205184000012551e-01
8.80440220110054961e-01	8.73259151999966288e-01
8.81440720360180063e-01	8.83046256000012963e-01
8.82441220610305055e-01	8.16167712000012036e-01
8.83441720860430157e-01	8.57906831999966868e-01
8.84442221110555260e-01	8.66446560000012744e-01
8.85442721360680252e-01	8.85157200000012967e-01
8.86443221610805354e-01	8.30560511999967832e-01
8.87443721860930457e-01	8.48663456000012473e-01
8.88444222111055448e-01	8.69804880000012770e-01
8.89444722361180551e-01	8.86212672000013080e-01
8.90445222611305542e-01	8.28641472000012147e-01
8.91445722861430645e-01	8.45145215999967281e-01
8.92446223111555748e-01	8.70668448000012751e-01
8.93446723361680739e-01	8.85349104000012987e-01
8.94447223611805842e-01	8.20005791999968148e-01
8.95447723861930944e-01	8.50806384000012517e-01
8.96448224112055936e-01	8.67885840000012787e-01
8.97448724362181038e-01	8.85924815999965753e-01
8.98449224612306141e-01	8.31903840000012273e-01
8.99449724862431133e-01	8.33886848000012226e-01
9.00450225112556235e-01	8.75082240000012890e-01
9.01450725362681227e-01	8.90530512000013097e-01
9.02451225612806329e-01	8.33343119999967685e-01
9.03451725862931432e-01	8.29409088000012229e-01
9.04452226113056423e-01	8.79208176000012886e-01
9.05452726363181526e-01	8.89379087999965678e-01
9.06453226613306629e-01	8.38236672000012284e-01
9.07453726863431620e-01	8.17511040000012068e-01
9.08454227113556723e-01	8.78632463999966085e-01
9.09454727363681825e-01	8.87651952000013011e-01
9.10455227613806817e-01	8.33439072000012215e-01
9.11455727863931919e-01	8.37277152000012292e-01
9.12456228114056911e-01	8.71020272000012752e-01
9.13456728364182013e-01	8.87268143999965786e-01
9.14457228614307116e-01	8.36605488000012332e-01
9.15457728864432108e-01	8.30752416000012261e-01
9.16458229114557210e-01	8.62992287999966634e-01
9.17458729364682313e-01	8.99741904000013193e-01
9.18459229614807304e-01	8.43609984000012414e-01
9.19459729864932407e-01	8.24707439999967984e-01
9.20460230115057509e-01	8.48791392000012523e-01
9.21460730365182501e-01	9.11735904000013364e-01
9.22461230615307604e-01	8.38620480000012325e-01
9.23461730865432595e-01	8.36893344000012251e-01
9.24462231115557698e-01	8.33886847999967706e-01
9.25462731365682800e-01	9.20659440000013540e-01
9.26463231615807792e-01	8.40731424000012328e-01
9.27463731865932894e-01	8.27010287999967897e-01
9.28464232116057997e-01	8.36221680000012291e-01
9.29464732366182989e-01	9.23921808000013556e-01
9.30465232616308091e-01	8.40731423999967475e-01
9.31465732866433194e-01	8.35933824000012260e-01
9.32466233116558185e-01	8.18086752000012019e-01
9.33466733366683288e-01	9.27951791999964248e-01
9.34467233616808390e-01	8.43514032000012404e-01
9.35467733866933382e-01	8.37565008000012323e-01
9.36468234117058485e-01	8.19238176000012031e-01
9.37468734367183476e-01	9.26672432000013591e-01
9.38469234617308579e-01	8.46296639999967293e-01
9.39469734867433681e-01	8.36509536000012321e-01
9.40470235117558673e-01	8.29409088000012229e-01
9.41470735367683775e-01	9.03100223999965146e-01
9.42471235617808878e-01	8.65966800000012693e-01
9.43471735867933869e-01	8.29984800000012179e-01
9.44472236118058972e-01	8.29025279999967890e-01
9.45472736368184075e-01	8.98206672000013251e-01
9.46473236618309066e-01	8.67214176000012715e-01
9.47473736868434169e-01	8.26338624000012123e-01
9.48474237118559160e-01	8.38908336000012356e-01
9.49474737368684263e-01	8.86564495999965785e-01
9.50475237618809365e-01	8.65966800000012693e-01
9.51475737868934357e-01	8.51861856000012518e-01
9.52476238119059460e-01	8.24419583999968064e-01
9.53476738369184562e-01	8.21924832000012096e-01
9.54477238619309554e-01	9.27951792000013653e-01
9.55477738869434656e-01	8.51382095999967059e-01
9.56478239119559759e-01	8.19813888000012092e-01
9.57478739369684750e-01	8.23460064000012149e-01
9.58479239619809853e-01	9.39178176000013742e-01
9.59479739869934845e-01	8.40923328000012349e-01
9.60480240120059947e-01	8.25762911999967986e-01
9.61480740370185050e-01	8.35166208000012289e-01
9.62481240620310041e-01	9.19667936000013508e-01
9.63481740870435144e-01	8.44761407999967351e-01
9.64482241120560246e-01	8.35741920000012239e-01
9.65482741370685238e-01	8.31999792000012284e-01
9.66483241620810340e-01	9.15094223999964762e-01
9.67483741870935443e-01	8.41499040000012410e-01
9.68484242121060435e-01	8.33630976000012236e-01
9.69484742371185537e-01	8.47735919999967225e-01
9.70485242621310640e-01	9.03963792000013311e-01
9.71485742871435631e-01	8.49750912000012515e-01
9.72486243121560734e-01	8.27873856000012176e-01
9.73486743371685725e-01	8.36221680000012291e-01
9.74487243621810828e-01	9.03643951999965167e-01
9.75487743871935931e-01	8.47256160000012470e-01
9.76488244122060922e-01	8.45049264000012457e-01
9.77488744372186025e-01	8.34398591999967687e-01
9.78489244622311127e-01	8.35741920000012239e-01
9.79489744872436119e-01	9.17780880000013455e-01
9.80490245122561221e-01	8.46008783999967262e-01
9.81490745372686324e-01	8.24611488000012161e-01
9.82491245622811316e-01	8.25954816000012193e-01
9.83491745872936418e-01	9.19412064000013518e-01
9.84492246123061410e-01	8.56659456000012587e-01
9.85492746373186512e-01	8.29217183999967911e-01
9.86493246623311615e-01	8.30368608000012220e-01
9.87493746873436606e-01	9.15062240000013460e-01
9.88494247123561709e-01	8.40731423999967475e-01
9.89494747373686812e-01	8.42650464000012422e-01
9.90495247623811803e-01	8.26626480000012154e-01
9.91495747873936906e-01	9.14326607999964791e-01
9.92496248124062008e-01	8.47448064000012491e-01
9.93496748374187000e-01	8.41499040000012410e-01
9.94497248624312102e-01	8.26914336000012185e-01
9.95497748874437094e-01	9.09433056000013340e-01
9.96498249124562196e-01	8.48023775999967144e-01
9.97498749374687299e-01	8.36797392000012352e-01
9.98499249624812291e-01	8.37660960000012333e-01
9.99499749874937393e-01	8.52629472000012489e-01
1.00050025012506238e+00	9.00381583999965263e-01
1.00150075037518760e+00	8.37660959999967591e-01
1.00250125062531259e+00	8.36797392000059426e-01
1.00350175087543758e+00	8.48023775999967144e-01
1.00450225112556280e+00	9.09433055999964934e-01
1.00550275137568779e+00	8.26914336000058703e-01
1.00650325162581278e+00	8.41499039999967446e-01
1.00750375187593799e+00	8.47448063999967194e-01
1.00850425212606298e+00	9.14326608000065044e-01
1.00950475237618797e+00	8.26626479999967967e-01
1.01050525262631319e+00	8.42650463999967347e-01
1.01150575287643818e+00	8.40731424000059735e-01
1.01250625312656317e+00	9.15062240000065197e-01
1.01350675337668816e+00	8.30368607999967812e-01
1.01450725362681338e+00	8.29217183999967911e-01
1.01550775387693837e+00	8.56659456000060882e-01
1.01650825412706336e+00	9.19412063999964557e-01
1.01750875437718857e+00	8.25954815999968006e-01
1.01850925462731356e+00	8.24611488000058568e-01
1.01950975487743856e+00	8.46008783999967262e-01
1.02051025512756377e+00	9.17780879999964605e-01
1.02151075537768876e+00	8.35741920000059424e-01
1.02251125562781375e+00	8.34398591999967687e-01
1.02351175587793897e+00	8.45049263999967271e-01
1.02451225612806396e+00	8.47256160000060210e-01
1.02551275637818895e+00	9.03643951999965167e-01
1.02651325662831416e+00	8.36221679999967660e-01
1.02751375687843916e+00	8.27873856000058805e-01
1.02851425712856415e+00	8.49750911999967107e-01
1.02951475737868936e+00	9.03963791999965127e-01
1.03051525762881435e+00	8.47735920000060261e-01
1.03151575787893934e+00	8.33630975999967716e-01
1.03251625812906456e+00	8.41499039999967446e-01
1.03351675837918955e+00	9.15094224000065126e-01
1.03451725862931454e+00	8.31999791999967764e-01
1.03551775887943975e+00	8.35741919999967608e-01
1.03651825912956475e+00	8.44761408000060054e-01
1.03751875937968974e+00	9.19667936000065467e-01
1.03851925962981473e+00	8.35166207999967658e-01
1.03951975987993994e+00	8.25762911999967986e-01
1.04052026013006493e+00	8.40923328000059755e-01
1.04152076038018992e+00	9.39178175999963893e-01
1.04252126063031514e+00	8.23460063999968073e-01
1.04352176088044013e+00	8.19813888000058166e-01
1.04452226113056512e+00	8.51382095999967059e-01
1.04552276138069034e+00	9.27951791999964248e-01
1.04652326163081533e+00	8.21924832000058392e-01
1.04752376188094032e+00	8.24419583999968064e-01
1.04852426213106553e+00	8.51861855999966999e-01
1.04952476238119052e+00	8.65966800000061543e-01
1.05052526263131552e+00	8.86564495999965785e-01
1.05152576288144073e+00	8.38908335999967503e-01
1.05252626313156572e+00	8.26338624000058641e-01
1.05352676338169071e+00	8.67214175999966530e-01
1.05452726363181593e+00	8.98206671999965400e-01
1.05552776388194092e+00	8.29025280000058928e-01
1.05652826413206591e+00	8.29984799999967882e-01
1.05752876438219112e+00	8.65966799999966508e-01
1.05852926463231611e+00	9.03100224000064289e-01
1.05952976488244111e+00	8.29409088000058858e-01
1.06053026513256610e+00	8.36509535999967579e-01
1.06153076538269131e+00	8.46296639999967293e-01
1.06253126563281630e+00	9.26672432000065993e-01
1.06353176588294129e+00	8.19238175999968177e-01
1.06453226613306651e+00	8.37565007999967581e-01
1.06553276638319150e+00	8.43514032000059921e-01
1.06653326663331649e+00	9.27951791999964248e-01
1.06753376688344170e+00	8.18086751999968276e-01
1.06853426713356670e+00	8.35933824000059333e-01
1.06953476738369169e+00	8.40731423999967475e-01
1.07053526763381690e+00	9.23921807999964373e-01
1.07153576788394189e+00	8.36221680000059364e-01
1.07253626813406688e+00	8.27010287999967897e-01
1.07353676838419210e+00	8.40731423999967475e-01
1.07453726863431709e+00	9.20659440000065610e-01
1.07553776888444208e+00	8.33886847999967706e-01
1.07653826913456729e+00	8.36893343999967620e-01
1.07753876938469229e+00	8.38620480000059620e-01
1.07853926963481728e+00	9.11735903999964847e-01
1.07953976988494249e+00	8.48791391999967115e-01
1.08054027013506748e+00	8.24707440000058578e-01
1.08154077038519247e+00	8.43609983999967339e-01
1.08254127063531769e+00	8.99741903999965342e-01
1.08354177088544268e+00	8.62992288000061336e-01
1.08454227113556767e+00	8.30752416000059002e-01
1.08554277138569266e+00	8.36605487999967590e-01
1.08654327163581788e+00	8.87268143999965786e-01
1.08754377188594287e+00	8.71020272000061935e-01
1.08854427213606786e+00	8.37277151999967550e-01
1.08954477238619307e+00	8.33439071999967696e-01
1.09054527263631806e+00	8.87651952000063194e-01
1.09154577288644306e+00	8.78632463999966085e-01
1.09254627313656827e+00	8.17511039999968325e-01
1.09354677338669326e+00	8.38236672000059579e-01
1.09454727363681825e+00	8.89379087999965678e-01
1.09554777388694347e+00	8.79208175999966035e-01
1.09654827413706846e+00	8.29409088000058858e-01
1.09754877438719345e+00	8.33343119999967685e-01
1.09854927463731866e+00	8.90530511999965579e-01
1.09954977488744365e+00	8.75082240000062184e-01
1.10055027513756865e+00	8.33886847999967706e-01
1.10155077538769386e+00	8.31903839999967754e-01
1.10255127563781885e+00	8.85924816000063009e-01
1.10355177588794384e+00	8.67885839999966491e-01
1.10455227613806906e+00	8.50806383999967109e-01
1.10555277638819405e+00	8.20005792000058187e-01
1.10655327663831904e+00	8.85349103999965803e-01
1.10755377688844425e+00	8.70668447999966344e-01
1.10855427713856924e+00	8.45145216000060095e-01
1.10955477738869424e+00	8.28641472000058887e-01
1.11055527763881923e+00	8.86212671999965784e-01
1.11155577788894444e+00	8.69804879999966363e-01
1.11255627813906943e+00	8.48663456000060323e-01
1.11355677838919442e+00	8.30560511999967832e-01
1.11455727863931964e+00	8.85157199999965782e-01
1.11555777888944463e+00	8.66446560000061594e-01
1.11655827913956962e+00	8.57906831999966868e-01
1.11755877938969483e+00	8.16167711999968293e-01
1.11855927963981983e+00	8.83046256000062812e-01
1.11955977988994482e+00	8.73259151999966288e-01
1.12056028014007003e+00	8.53205183999967032e-01
1.12156078039019502e+00	8.16359616000057908e-01
1.12256128064032001e+00	8.95615967999965457e-01
1.12356178089044523e+00	8.48983295999967136e-01
1.12456228114057022e+00	8.56467552000060861e-01
1.12556278139069521e+00	8.35230175999967628e-01
1.12656328164082042e+00	8.83046255999965890e-01
1.12756378189094542e+00	8.54644464000060777e-01
1.12856428214107041e+00	8.58386591999966808e-01
1.12956478239119562e+00	8.40443567999967445e-01
1.13056528264132061e+00	8.77864848000062481e-01
1.13156578289144560e+00	8.46488544000060128e-01
1.13256628314157060e+00	8.60497535999966701e-01
1.13356678339169581e+00	8.46104735999967272e-01
1.13456728364182080e+00	8.92257648000063464e-01
1.13556778389194579e+00	8.39963807999967504e-01
1.13656828414207101e+00	8.43034271999967388e-01
1.13756878439219600e+00	8.53652960000060634e-01
1.13856928464232099e+00	8.81319119999965928e-01
1.13956978489244620e+00	8.49750911999967107e-01
1.14057028514257119e+00	8.53876848000060695e-01
1.14157078539269619e+00	8.97055247999965388e-01
1.14257128564282140e+00	8.22884351999968122e-01
1.14357178589294639e+00	8.52341616000060531e-01
1.14457228614307138e+00	8.64143711999966646e-01
1.14557278639319660e+00	8.83813871999965861e-01
1.14657328664332159e+00	8.41786896000059848e-01
1.14757378689344658e+00	8.41115231999967405e-01
1.14857428714357179e+00	8.64335615999966556e-01
1.14957478739369678e+00	8.89379088000063267e-01
1.15057528764382178e+00	8.39068255999967483e-01
1.15157578789394699e+00	8.38140719999967532e-01
1.15257628814407198e+00	8.62512528000061285e-01
1.15357678839419697e+00	8.91873839999965612e-01
1.15457728864432219e+00	8.25187199999968035e-01
1.15557778889444718e+00	8.62032768000061234e-01
1.15657828914457217e+00	8.76329616000062317e-01
1.15757878939469716e+00	8.47831871999967235e-01
1.15857928964482237e+00	8.55795887999966864e-01
1.15957978989494737e+00	8.50806384000060478e-01
1.16058029014507236e+00	8.78056751999966134e-01
1.16158079039519757e+00	8.55508031999966945e-01
1.16258129064532256e+00	8.36189696000059435e-01
1.16358179089544755e+00	8.57906831999966868e-01
1.16458229114557277e+00	8.86692431999965724e-01
1.16558279139569776e+00	8.54932320000060808e-01
1.16658329164582275e+00	8.43609983999967339e-01
1.16758379189594796e+00	8.78344607999966054e-01
1.16858429214607296e+00	8.47256160000060210e-01
1.16958479239619795e+00	8.57139215999966897e-01
1.17058529264632316e+00	8.52245663999967040e-01
1.17158579289644815e+00	8.85732912000062989e-01
1.17258629314657314e+00	8.40347615999967434e-01
1.17358679339669836e+00	8.53588991999966962e-01
1.17458729364682335e+00	8.92417568000063444e-01
1.17558779389694834e+00	8.48503535999967196e-01
1.17658829414707355e+00	8.35358111999967679e-01
1.17758879439719855e+00	8.61648960000061304e-01
1.17858929464732354e+00	8.79208176000062513e-01
1.17958979489744853e+00	8.47448063999967194e-01
1.18059029514757374e+00	8.60209679999966781e-01
1.18159079539769873e+00	8.40731424000059735e-01
1.18259129564782373e+00	8.89379087999965678e-01
1.18359179589794894e+00	8.48695439999967105e-01
1.18459229614807393e+00	8.40923328000059755e-01
1.18559279639819892e+00	8.87172191999965776e-01
1.18659329664832414e+00	8.57427071999966817e-01
1.18759379689844913e+00	8.51350112000060499e-01
1.18859429714857412e+00	8.79016271999966015e-01
1.18959479739869933e+00	8.43801887999967359e-01
1.19059529764882432e+00	8.59250160000061047e-01
1.19159579789894932e+00	8.50998287999967018e-01
1.19259629814907453e+00	8.73451055999966308e-01
1.19359679839919952e+00	8.59154208000061037e-01
1.19459729864932451e+00	8.39963807999967504e-01
1.19559779889944973e+00	9.00797375999965233e-01
1.19659829914957472e+00	8.45145216000060095e-01
1.19759879939969971e+00	8.43034271999967388e-01
1.19859929964982492e+00	8.48599487999967206e-01
1.19959979989994991e+00	8.92897328000063495e-01
1.20060030015007491e+00	8.46488543999967202e-01
1.20160080040020012e+00	8.52821375999966991e-01
1.20260130065032511e+00	8.74026768000062182e-01
1.20360180090045010e+00	8.46104736000060087e-01
1.20460230115057509e+00	8.57618975999966837e-01
1.20560280140070031e+00	8.78152703999966033e-01
1.20660330165082530e+00	8.54932320000060808e-01
1.20760380190095029e+00	8.51478047999967069e-01
1.20860430215107550e+00	8.48887343999967126e-01
1.20960480240120050e+00	8.81127216000062718e-01
1.21060530265132549e+00	8.63472047999966574e-01
1.21160580290145070e+00	8.44249663999967370e-01
1.21260630315157569e+00	8.80935312000062698e-01
1.21360680340170068e+00	8.49559007999967086e-01
1.21460730365182590e+00	8.53780895999966982e-01
1.21560780390195089e+00	8.84677440000062987e-01
1.21660830415207588e+00	8.56755407999966856e-01
1.21760880440220109e+00	8.48791391999967115e-01
1.21860930465232609e+00	8.76905328000062378e-01
1.21960980490245108e+00	8.56467551999966825e-01
1.22061030515257629e+00	8.67118223999966520e-01
1.22161080540270128e+00	8.58866352000061006e-01
1.22261130565282627e+00	8.54740415999966974e-01
1.22361180590295149e+00	8.58194687999966788e-01
1.22461230615307648e+00	8.90402576000063339e-01
1.22561280640320147e+00	8.40923327999967385e-01
1.22661330665332668e+00	8.42074751999967397e-01
1.22761380690345168e+00	8.59921824000061119e-01
1.22861430715357667e+00	8.67502032000061707e-01
1.22961480740370166e+00	8.66158703999966528e-01
1.23061530765382687e+00	8.36125727999967649e-01
1.23161580790395186e+00	8.95520016000063701e-01
1.23261630815407686e+00	8.46488543999967202e-01
1.23361680840420207e+00	8.59921823999966750e-01
1.23461730865432706e+00	8.68653456000061719e-01
1.23561780890445205e+00	8.60113727999966771e-01
1.23661830915457727e+00	8.41563007999967416e-01
1.23761880940470226e+00	8.98590480000063918e-01
1.23861930965482725e+00	8.48503535999967196e-01
1.23961980990495246e+00	8.87460047999965695e-01
1.24062031015507745e+00	8.34398592000059280e-01
1.24162081040520245e+00	8.69612975999966342e-01
1.24262131065532766e+00	8.86212671999965784e-01
1.24362181090545265e+00	8.36317632000059374e-01
1.24462231115557764e+00	8.57427071999966817e-01
1.24562281140570286e+00	8.77481039999966073e-01
1.24662331165582785e+00	8.53109232000060613e-01
1.24762381190595284e+00	8.54356607999966933e-01
1.24862431215607805e+00	8.78312623999966124e-01
1.24962481240620304e+00	8.59250160000061047e-01
1.25062531265632804e+00	8.52533520000060552e-01
1.25162581290645303e+00	8.64239663999966545e-01
1.25262631315657824e+00	8.71052255999966385e-01
1.25362681340670323e+00	8.33247168000059157e-01
1.25462731365682822e+00	8.91585983999965581e-01
1.25562781390695344e+00	8.50902335999967119e-01
1.25662831415707843e+00	8.87460048000063173e-01
1.25762881440720342e+00	8.47160207999967163e-01
1.25862931465732864e+00	8.62320623999966673e-01
1.25962981490745363e+00	8.62320624000061264e-01
1.26063031515757862e+00	8.70924319999966334e-01
1.26163081540770383e+00	8.75178191999966160e-01
1.26263131565782882e+00	8.52341616000060531e-01
1.26363181590795381e+00	8.54356607999966933e-01
1.26463231615807903e+00	8.78056751999966134e-01
1.26563281640820402e+00	8.34974304000059342e-01
1.26663331665832901e+00	8.71244159999966294e-01
1.26763381690845423e+00	8.83621967999965841e-01
1.26863431715857922e+00	8.45912832000060066e-01
1.26963481740870421e+00	8.70860351999966364e-01
1.27063531765882942e+00	8.67597983999966460e-01
1.27163581790895441e+00	8.85157200000062927e-01
1.27263631815907940e+00	8.39068255999967483e-01
1.27363681840920462e+00	8.56755407999966856e-01
1.27463731865932961e+00	8.73930816000062172e-01
1.27563781890945460e+00	8.65678944000061512e-01
1.27663831915957959e+00	8.63376095999966675e-01
1.27763881940970481e+00	8.64527519999966576e-01
1.27863931965982980e+00	8.33439072000059178e-01
1.27963981990995479e+00	8.98398575999965310e-01
1.28064032016008000e+00	8.50614479999967088e-01
1.28164082041020500e+00	8.74986288000062284e-01
1.28264132066032999e+00	8.54068751999967013e-01
1.28364182091045520e+00	8.88131711999965767e-01
1.28464232116058019e+00	8.52885344000060663e-01
1.28564282141070518e+00	8.73834863999966238e-01
1.28664332166083040e+00	8.42554511999967337e-01
1.28764382191095539e+00	9.08953296000064692e-01
1.28864432216108038e+00	8.33630975999967716e-01
1.28964482241120559e+00	8.84485535999965822e-01
1.29064532266133059e+00	8.28641472000058887e-01
1.29164582291145558e+00	9.22674431999964462e-01
1.29264632316158079e+00	8.18950319999968257e-01
1.29364682341170578e+00	8.94560496000063710e-01
1.29464732366183077e+00	8.23651967999968093e-01
1.29564782391195599e+00	9.09816863999964975e-01
1.29664832416208098e+00	8.38300640000059549e-01
1.29764882441220597e+00	8.80071744000062606e-01
1.29864932466233096e+00	8.33247167999967675e-01
1.29964982491245618e+00	9.04443551999965178e-01
1.30065032516258117e+00	8.47544016000060241e-01
1.30165082541270616e+00	8.73067247999966267e-01
1.30265132566283137e+00	8.30176703999967791e-01
1.30365182591295636e+00	8.93696928000063617e-01
1.30465232616308136e+00	9.01660943999965214e-01
1.30565282641320657e+00	8.26626479999967967e-01
1.30665332666333156e+00	8.67310128000061686e-01
1.30765382691345655e+00	8.46584495999967213e-01
1.30865432716358177e+00	9.01628959999965174e-01
1.30965482741370676e+00	8.57714928000060994e-01
1.31065532766383175e+00	8.47352111999967184e-01
1.31165582791395696e+00	8.59825871999966740e-01
1.31265632816408195e+00	9.19028256000065435e-01
1.31365682841420695e+00	8.26338623999967936e-01
1.31465732866433216e+00	8.70476543999966323e-01
1.31565782891445715e+00	8.55603984000060769e-01
1.31665832916458214e+00	9.28527503999964199e-01
1.31765882941470736e+00	8.03502047999968827e-01
1.31865932966483235e+00	8.70092736000061873e-01
1.31965982991495734e+00	8.73738911999966228e-01
1.32066033016508255e+00	8.98654447999965300e-01
1.32166083041520754e+00	8.55316128000060849e-01
1.32266133066533254e+00	8.53397088000060644e-01
1.32366183091545753e+00	8.73642959999966218e-01
1.32466233116558274e+00	8.88995279999965637e-01
1.32566283141570773e+00	8.56467552000060861e-01
1.32666333166583272e+00	8.44761407999967351e-01
1.32766383191595794e+00	8.44569503999967330e-01
1.32866433216608293e+00	9.21427056000065581e-01
1.32966483241620792e+00	8.94752399999965475e-01
1.33066533266633313e+00	7.90644479999969230e-01
1.33166583291645813e+00	8.76137712000062296e-01
1.33266633316658312e+00	8.98078735999965350e-01
1.33366683341670833e+00	8.59993787999966730e-01
1.33466733366683332e+00	7.89445080000055976e-01
1.33566783391695831e+00	8.19526031999968207e-01
1.33666833416708353e+00	8.30080751999967781e-01
1.33766883441720852e+00	7.97984808000056667e-01
1.33866933466733351e+00	7.62098759999970343e-01
1.33966983491745872e+00	7.80569519999969597e-01
1.34067033516758372e+00	7.86662472000055790e-01
1.34167083541770871e+00	7.79657975999969666e-01
1.34267133566783392e+00	7.34272679999971367e-01
1.34367183591795891e+00	7.61523048000053993e-01
1.34467233616808390e+00	7.58324647999970458e-01
1.34567283641820912e+00	7.56725447999970546e-01
1.34667333666833411e+00	7.17385128000050720e-01
1.34767383691845910e+00	7.44395616000052773e-01
1.34867433716858409e+00	7.42524551999971028e-01
1.34967483741870931e+00	7.31681975999971423e-01
1.35067533766883430e+00	7.05295176000049873e-01
1.35167583791895929e+00	7.23286175999971692e-01
1.35267633816908450e+00	7.17001319999971964e-01
1.35367683841920949e+00	7.21031304000050999e-01
1.35467733866933449e+00	6.97571039999972609e-01
1.35567783891945970e+00	6.98770439999972570e-01
1.35667833916958469e+00	7.06126760000049924e-01
1.35767883941970968e+00	6.95651999999972737e-01
1.35867933966983490e+00	7.03088279999972476e-01
1.35967983991995989e+00	6.80155752000048075e-01
1.36068034017008488e+00	6.88359647999972957e-01
1.36168084042021009e+00	6.78812423999973324e-01
1.36268134067033508e+00	6.94884384000049149e-01
1.36368184092046008e+00	6.64227719999973876e-01
1.36468234117058529e+00	6.75933863999973461e-01
1.36568284142071028e+00	6.76845408000047777e-01
1.36668334167083527e+00	6.71999831999973596e-01
1.36768384192096049e+00	6.54456607999974183e-01
1.36868434217108548e+00	6.62884392000046785e-01
1.36968484242121047e+00	6.61493088000046692e-01
1.37068534267133546e+00	6.70752455999973685e-01
1.37168584292146067e+00	6.39040319999974793e-01
1.37268634317158567e+00	6.53289192000046093e-01
1.37368684342171066e+00	6.48251711999974445e-01
1.37468734367183587e+00	6.61157255999973992e-01
1.37568784392196086e+00	6.40863408000045154e-01
1.37668834417208585e+00	6.26038823999975236e-01
1.37768884442221107e+00	6.44029823999974660e-01
1.37868934467233606e+00	6.45037320000045544e-01
1.37968984492246105e+00	6.28357663999975169e-01
1.38069034517258626e+00	6.32371655999975024e-01
1.38169084542271126e+00	6.17930880000043481e-01
1.38269134567283625e+00	6.43693991999974569e-01
1.38369184592296146e+00	6.23208239999975322e-01
1.38469234617308645e+00	6.13325184000043211e-01
1.38569284642321144e+00	6.21816935999975451e-01
1.38669334667333666e+00	6.28869407999975150e-01
1.38769384692346165e+00	6.14716488000043304e-01
1.38869434717358664e+00	5.92023839999976542e-01
1.38969484742371185e+00	6.21816935999975451e-01
1.39069534767383685e+00	6.21385152000043739e-01
1.39169584792396184e+00	6.02402647999976115e-01
1.39269634817408705e+00	5.92407647999976472e-01
1.39369684842421204e+00	6.04305696000042580e-01
1.39469734867433703e+00	6.18170760000043562e-01
1.39569784892446203e+00	6.08719487999975883e-01
1.39669834917458724e+00	5.71154279999977255e-01
1.39769884942471223e+00	5.93750976000041786e-01
1.39869934967483722e+00	6.02962367999976045e-01
1.39969984992496244e+00	5.94374663999976405e-01
1.40070035017508743e+00	5.78686512000040620e-01
1.40170085042521242e+00	5.80749479999976947e-01
1.40270135067533763e+00	5.86714495999976715e-01
1.40370185092546262e+00	5.91831936000041581e-01
1.40470235117558762e+00	5.74416647999977159e-01
1.40570285142571283e+00	5.78974367999976924e-01
1.40670335167583782e+00	5.74416648000040331e-01
1.40770385192596281e+00	5.71298207999977214e-01
1.40870435217608803e+00	5.81948879999976909e-01
1.40970485242621302e+00	5.65589064000039721e-01
1.41070535267633801e+00	5.70146783999977314e-01
1.41170585292646322e+00	5.67268223999977450e-01
1.41270635317658821e+00	5.71921896000040175e-01
1.41370685342671321e+00	5.60359679999977600e-01
1.41470735367683842e+00	5.61958879999977623e-01
1.41570785392696341e+00	5.60791464000039319e-01
1.41670835417708840e+00	5.66212752000039732e-01
1.41770885442721339e+00	5.47358183999978154e-01
1.41870935467733861e+00	5.53259231999977952e-01
1.41970985492746360e+00	5.62662528000039464e-01
1.42071035517758859e+00	5.63094311999977504e-01
1.42171085542771380e+00	5.33493119999978616e-01
1.42271135567783880e+00	5.51340192000038698e-01
1.42371185592796379e+00	5.49661031999978067e-01
1.42471235617808900e+00	5.48941391999978046e-01
1.42571285642821399e+00	5.34900416000037460e-01
1.42671335667833898e+00	5.44287719999978270e-01
1.42771385692846420e+00	5.40785471999978395e-01
1.42871435717858919e+00	5.51724000000038739e-01
1.42971485742871418e+00	5.22218759999979132e-01
1.43071535767883939e+00	5.29655039999978761e-01
1.43171585792896439e+00	5.44047840000038141e-01
1.43271635817908938e+00	5.37187271999978511e-01
1.43371685842921459e+00	5.21307215999979090e-01
1.43471735867933958e+00	5.32149792000037314e-01
1.43571785892946457e+00	5.23562087999979053e-01
1.43671835917958979e+00	5.42000863999978266e-01
1.43771885942971478e+00	5.08929408000035721e-01
1.43871935967983977e+00	5.26440647999978917e-01
1.43971985992996498e+00	5.13918911999979411e-01
1.44072036018008998e+00	5.30422656000037129e-01
1.44172086043021497e+00	5.18092824000036312e-01
1.44272136068033996e+00	5.09697023999979626e-01
1.44372186093046517e+00	5.20251743999979199e-01
1.44472236118059016e+00	5.12815464000035970e-01
1.44572286143071516e+00	5.20827455999979150e-01
1.44672336168084037e+00	5.03747999999979879e-01
1.44772386193096536e+00	5.08209768000035589e-01
1.44872436218109035e+00	5.10720511999979587e-01
1.44972486243121557e+00	5.09217263999979575e-01
1.45072536268134056e+00	5.07058344000035577e-01
1.45172586293146555e+00	5.04707519999979759e-01
1.45272636318159076e+00	4.93960895999980221e-01
1.45372686343171575e+00	5.10512616000035835e-01
1.45472736368184075e+00	4.88395679999980459e-01
1.45572786393196596e+00	5.01828959999979896e-01
1.45672836418209095e+00	5.00485632000035152e-01
1.45772886443221594e+00	4.98422663999980031e-01
1.45872936468234116e+00	4.85421167999980585e-01
1.45972986493246615e+00	4.98630560000034972e-01
1.46073036518259114e+00	4.90362695999980391e-01
1.46173086543271635e+00	4.93768991999980256e-01
1.46273136568284134e+00	4.87244256000034182e-01
1.46373186593296634e+00	4.80575591999980734e-01
1.46473236618309155e+00	5.00101823999979933e-01
1.46573286643321654e+00	4.78416672000033572e-01
1.46673336668334153e+00	4.82734512000033866e-01
1.46773386693346652e+00	4.83070343999980667e-01
1.46873436718359174e+00	4.74194783999980995e-01
1.46973486743371673e+00	4.89930912000034358e-01
1.47073536768384172e+00	4.75266247999980962e-01
1.47173586793396693e+00	4.75154303999980987e-01
1.47273636818409193e+00	4.73427168000033205e-01
1.47373686843421692e+00	4.87292231999980507e-01
1.47473736868434213e+00	4.62392687999981511e-01
1.47573786893446712e+00	4.74194784000033287e-01
1.47673836918459211e+00	4.66326719999981321e-01
1.47773886943471733e+00	4.76353703999980949e-01
1.47873936968484232e+00	4.61721024000032398e-01
1.47973986993496731e+00	4.63064351999981472e-01
1.48074037018509252e+00	4.69445159999981210e-01
1.48174087043521752e+00	4.61017376000032397e-01
1.48274137068534251e+00	4.69109327999981229e-01
1.48374187093546772e+00	4.57499135999981710e-01
1.48474237118559271e+00	4.55436168000032005e-01
1.48574287143571770e+00	4.62680543999981486e-01
1.48674337168584292e+00	4.69780991999981190e-01
1.48774387193596791e+00	4.51214280000031720e-01
1.48874437218609290e+00	4.55196288000031979e-01
1.48974487243621789e+00	4.53852959999981820e-01
1.49074537268634311e+00	4.56443663999981708e-01
1.49174587293646810e+00	4.54284744000031881e-01
1.49274637318659309e+00	4.47392191999982092e-01
1.49374687343671830e+00	4.44257759999982238e-01
1.49474737368684329e+00	4.64071848000032594e-01
1.49574787393696829e+00	4.36965407999982514e-01
1.49674837418709350e+00	4.42338719999982311e-01
1.49774887443721849e+00	4.52701536000031768e-01
1.49874937468734348e+00	4.48047863999982088e-01
1.49974987493746870e+00	4.37349215999982499e-01
1.50075037518759369e+00	4.34662560000030562e-01
1.50175087543771868e+00	4.44065855999982217e-01
1.50275137568784389e+00	4.48719527999982049e-01
1.50375187593796888e+00	4.33767008000030485e-01
1.50475237618809388e+00	4.21996895999983079e-01
1.50575287643821909e+00	4.52365703999981883e-01
1.50675337668834408e+00	4.37445168000030749e-01
1.50775387693846907e+00	4.25643071999982969e-01
1.50875437718859429e+00	4.24875455999982998e-01
1.50975487743871928e+00	4.43730024000031198e-01
1.51075537768884427e+00	4.38116831999982470e-01
1.51175587793896948e+00	4.14320735999983425e-01
1.51275637818909447e+00	4.26218784000029938e-01
1.51375687843921947e+00	4.40851464000031001e-01
1.51475737868934446e+00	4.21485151999983099e-01
1.51575787893946967e+00	4.18638575999983220e-01
1.51675837918959466e+00	4.26458664000029963e-01
1.51775887943971965e+00	4.25259263999982984e-01
1.51875937968984487e+00	4.24299743999982992e-01
1.51975987993996986e+00	4.15855968000029275e-01
1.52076038019009485e+00	4.20509639999983142e-01
1.52176088044022007e+00	4.15664063999983346e-01
1.52276138069034506e+00	4.22188800000029674e-01
1.52376188094047005e+00	4.17679055999983284e-01
1.52476238119059526e+00	4.13281255999983443e-01
1.52576288144072025e+00	4.14320736000029166e-01
1.52676338169084524e+00	4.12209791999983477e-01
1.52776388194097046e+00	4.21037375999983143e-01
1.52876438219109545e+00	4.01703048000028262e-01
1.52976488244122044e+00	4.12209791999983477e-01
1.53076538269134566e+00	4.07795999999983672e-01
1.53176588294147065e+00	4.22284752000029684e-01
1.53276638319159564e+00	3.89996903999984379e-01
1.53376688344172085e+00	4.10290751999983550e-01
1.53476738369184584e+00	4.11442176000028970e-01
1.53576788394197083e+00	4.11362216000028924e-01
1.53676838419209583e+00	3.84959423999984562e-01
1.53776888444222104e+00	4.04341727999983802e-01
1.53876938469234603e+00	4.10482656000028867e-01
1.53976988494247102e+00	3.98344727999984050e-01
1.54077038519259624e+00	3.86686559999984525e-01
1.54177088544272123e+00	4.07604096000028671e-01
1.54277138569284622e+00	4.02230783999983910e-01
1.54377188594297143e+00	3.88461671999984437e-01
1.54477238619309643e+00	3.85343232000027125e-01
1.54577288644322142e+00	4.05109343999983773e-01
1.54677338669334663e+00	3.98264767999984060e-01
1.54777388694347162e+00	3.77427192000026612e-01
1.54877438719359661e+00	3.92251775999984287e-01
1.54977488744372183e+00	3.94746527999984220e-01
1.55077538769384682e+00	3.96665568000027946e-01
1.55177588794397181e+00	3.77906951999984864e-01
1.55277638819409702e+00	3.87837983999984481e-01
1.55377688844422202e+00	3.87837984000027336e-01
1.55477738869434701e+00	3.97721039999984094e-01
1.55577788894447222e+00	3.72917447999985052e-01
1.55677838919459721e+00	3.84831488000027089e-01
1.55777888944472220e+00	3.75748031999984966e-01
1.55877938969484742e+00	3.91100351999984330e-01
1.55977988994497241e+00	3.74452680000026406e-01
1.56078039019509740e+00	3.80929440000026820e-01
1.56178089044522239e+00	3.70758527999985155e-01
1.56278139069534761e+00	3.88893455999984428e-01
1.56378189094547260e+00	3.66584616000025842e-01
1.56478239119559759e+00	3.80161823999984771e-01
1.56578289144572280e+00	3.76131839999984952e-01
1.56678339169584779e+00	3.76387712000026520e-01
1.56778389194597279e+00	3.64857479999985412e-01
1.56878439219609800e+00	3.73061375999985068e-01
1.56978489244622299e+00	3.75556128000026468e-01
1.57078539269634798e+00	3.77954927999984869e-01
1.57178589294647320e+00	3.62938439999985485e-01
1.57278639319659819e+00	3.59052384000025315e-01
1.57378689344672318e+00	3.83999903999984626e-01
1.57478739369684839e+00	3.59819999999985596e-01
1.57578789394697338e+00	3.61211304000025490e-01
1.57678839419709838e+00	3.62890463999985480e-01
1.57778889444722359e+00	3.71782015999985116e-01
1.57878939469734858e+00	3.57037392000025156e-01
1.57978989494747357e+00	3.57757031999985653e-01
1.58079039519759879e+00	3.59244287999985590e-01
1.58179089544772378e+00	3.68647584000026007e-01
1.58279139569784877e+00	3.57517151999985683e-01
1.58379189594797398e+00	3.58140839999985638e-01
1.58479239619809897e+00	3.53103360000024902e-01
1.58579289644822397e+00	3.57133344000025166e-01
1.58679339669834896e+00	3.53775023999985838e-01
1.58779389694847417e+00	3.59164327999985600e-01
1.58879439719859916e+00	3.50608608000024746e-01
1.58979489744872415e+00	3.53679071999985828e-01
1.59079539769884937e+00	3.48689567999986016e-01
1.59179589794897436e+00	3.56605608000025165e-01
1.59279639819909935e+00	3.49649087999986008e-01
1.59379689844922456e+00	3.51280271999985960e-01
1.59479739869934956e+00	3.42932448000024204e-01
1.59579789894947455e+00	3.47010407999986115e-01
1.59679839919959976e+00	3.48689567999986016e-01
1.59779889944972475e+00	3.50480672000024751e-01
1.59879939969984974e+00	3.42740543999986269e-01
1.59979989994997496e+00	3.45091367999986187e-01
1.60080040020009995e+00	3.40245792000024028e-01
1.60180090045022494e+00	3.45331247999986157e-01
1.60280140070035015e+00	3.44851487999986217e-01
1.60380190095047515e+00	3.42212808000024127e-01
1.60480240120060014e+00	3.32377727999986716e-01
1.60580290145072535e+00	3.41205311999986327e-01
1.60680340170085034e+00	3.40821504000024034e-01
1.60780390195097533e+00	3.38006912000023862e-01
1.60880440220110033e+00	3.30122855999986808e-01
1.60980490245122554e+00	3.38806511999986459e-01
1.61080540270135053e+00	3.38710560000023919e-01
1.61180590295147552e+00	3.26620607999986934e-01
1.61280640320160074e+00	3.43364231999986280e-01
1.61380690345172573e+00	3.25661088000023025e-01
1.61480740370185072e+00	3.29691071999986818e-01
1.61580790395197593e+00	3.31610111999986745e-01
1.61680840420210092e+00	3.42308760000024137e-01
1.61780890445222592e+00	3.15554143999987380e-01
1.61880940470235113e+00	3.29691071999986818e-01
1.61980990495247612e+00	3.28347744000023201e-01
1.62081040520260111e+00	3.32041895999986680e-01
1.62181090545272633e+00	3.19712063999987195e-01
1.62281140570285132e+00	3.24317760000022937e-01
1.62381190595297631e+00	3.22782527999987079e-01
1.62481240620310152e+00	3.25805015999986958e-01
1.62581290645322651e+00	3.17793024000022462e-01
1.62681340670335151e+00	3.23550143999987050e-01
1.62781390695347672e+00	3.28027903999986881e-01
1.62881440720360171e+00	3.14002920000022223e-01
1.62981490745372670e+00	3.11843999999987520e-01
1.63081540770385192e+00	3.20479679999987166e-01
1.63181590795397691e+00	3.29019408000023217e-01
1.63281640820410190e+00	3.09589128000021918e-01
1.63381690845422689e+00	3.15490175999987355e-01
1.63481740870435210e+00	3.11843999999987520e-01
1.63581790895447710e+00	3.24701568000022922e-01
1.63681840920460209e+00	3.08773535999987636e-01
1.63781890945472730e+00	3.07925959999987675e-01
1.63881940970485229e+00	3.16833504000022415e-01
1.63981990995497728e+00	3.12131855999987495e-01
1.64082041020510250e+00	3.08581631999987671e-01
1.64182091045522749e+00	3.08629608000021816e-01
1.64282141070535248e+00	3.09157343999987622e-01
1.64382191095547769e+00	3.11843999999987520e-01
1.64482241120560269e+00	2.99945952000021221e-01
1.64582291145572768e+00	3.12275783999987511e-01
1.64682341170585289e+00	3.03560143999987819e-01
1.64782391195597788e+00	3.02632608000021397e-01
1.64882441220610287e+00	3.00329759999987955e-01
1.64982491245622809e+00	3.13235303999987447e-01
1.65082541270635308e+00	2.95724064000020936e-01
1.65182591295647807e+00	3.01481183999987912e-01
1.65282641320660328e+00	2.99178335999987999e-01
1.65382691345672828e+00	3.05559144000021599e-01
1.65482741370685327e+00	2.96395727999988146e-01
1.65582791395697848e+00	2.93421215999988272e-01
1.65682841420710347e+00	3.02312768000021381e-01
1.65782891445722846e+00	3.01529160000021335e-01
1.65882941470735346e+00	2.95915967999988150e-01
1.65982991495747867e+00	2.86128863999988547e-01
1.66083041520760366e+00	2.98602624000021133e-01
1.66183091545772865e+00	3.02728559999987878e-01
1.66283141570785387e+00	2.88863495999988451e-01
1.66383191595797886e+00	2.87664096000020408e-01
1.66483241620810385e+00	2.96491679999988156e-01
1.66583291645822906e+00	2.89839007999988407e-01
1.66683341670835405e+00	2.87328264000020372e-01
1.66783391695847905e+00	2.89007423999988411e-01
1.66883441720860426e+00	2.99082383999988044e-01
1.66983491745872925e+00	2.76917472000019649e-01
1.67083541770885424e+00	2.92701575999988306e-01
1.67183591795897946e+00	2.83058399999988664e-01
1.67283641820910445e+00	2.92653600000020719e-01
1.67383691845922944e+00	2.81139359999988736e-01
1.67483741870935465e+00	2.86624615999988508e-01
1.67583791895947964e+00	2.79508176000019815e-01
1.67683841920960464e+00	2.78644607999988858e-01
1.67783891945972985e+00	2.86704575999988498e-01
1.67883941970985484e+00	2.82338760000020006e-01
1.67983991995997983e+00	2.73463200000019391e-01
1.68084042021010482e+00	2.85745055999988562e-01
1.68184092046023004e+00	2.71927967999989140e-01
1.68284142071035503e+00	2.92269792000020678e-01
1.68384192096048002e+00	2.66122871999989352e-01
1.68484242121060523e+00	2.75254303999988958e-01
1.68584292146073023e+00	2.72695584000019364e-01
1.68684342171085522e+00	2.90926463999988338e-01
1.68784392196098043e+00	2.64683591999989420e-01
1.68884442221110542e+00	2.65595136000018828e-01
1.68984492246123041e+00	2.83250303999988684e-01
1.69084542271135563e+00	2.73175343999989051e-01
1.69184592296148062e+00	2.68329768000019064e-01
1.69284642321160561e+00	2.72119871999989105e-01
1.69384692346173082e+00	2.68345759999989275e-01
1.69484742371185582e+00	2.74422720000019493e-01
1.69584792396198081e+00	2.65259303999989371e-01
1.69684842421210602e+00	2.67706079999989299e-01
1.69784892446223101e+00	2.62428720000018600e-01
1.69884942471235600e+00	2.68857503999989256e-01
1.69984992496248122e+00	2.67754055999989304e-01
1.70085042521260621e+00	2.64635616000018781e-01
1.70185092546273120e+00	2.63484191999989459e-01
1.70285142571285641e+00	2.65851007999989342e-01
1.70385192596298141e+00	2.64683592000018786e-01
1.70485242621310640e+00	2.60893488000018492e-01
1.70585292646323139e+00	2.56191839999989734e-01
1.70685342671335660e+00	2.63100383999989473e-01
1.70785392696348159e+00	2.67130368000018936e-01
1.70885442721360659e+00	2.46452711999990137e-01
1.70985492746373180e+00	2.66170847999989357e-01
1.71085542771385679e+00	2.55424224000018130e-01
1.71185592796398178e+00	2.63836015999989459e-01
1.71285642821410700e+00	2.51634119999989914e-01
1.71385692846423199e+00	2.60797536000018537e-01
1.71485742871435698e+00	2.52545663999989900e-01
1.71585792896448219e+00	2.52737567999989865e-01
1.71685842921460718e+00	2.55472200000018135e-01
1.71785892946473218e+00	2.53505183999989836e-01
1.71885942971485739e+00	2.44965455999990200e-01
1.71985992996498238e+00	2.56831520000018243e-01
1.72086043021510737e+00	2.47028423999990115e-01
1.72186093046523259e+00	2.52161855999989915e-01
1.72286143071535758e+00	2.43526176000017275e-01
1.72386193096548257e+00	2.53888991999989821e-01
1.72486243121560778e+00	2.50002935999990017e-01
1.72586293146573277e+00	2.46212832000017479e-01
1.72686343171585777e+00	2.42950464000017241e-01
1.72786393196598276e+00	2.49475199999990016e-01
1.72886443221610797e+00	2.43830023999990236e-01
1.72986493246623296e+00	2.44869504000017391e-01
1.73086543271635795e+00	2.39304287999990428e-01
1.73186593296648317e+00	2.52065903999989904e-01
1.73286643321660816e+00	2.35130376000016683e-01
1.73386693346673315e+00	2.43718079999990234e-01
1.73486743371685836e+00	2.39112383999990435e-01
1.73586793396698336e+00	2.43718080000017295e-01
1.73686843421710835e+00	2.38776551999990427e-01
1.73786893446723356e+00	2.39560159999990419e-01
1.73886943471735855e+00	2.32875504000016526e-01
1.73986993496748354e+00	2.41031423999990363e-01
1.74087043521760876e+00	2.40839519999990370e-01
1.74187093546773375e+00	2.36473704000016771e-01
1.74287143571785874e+00	2.27790047999990891e-01
1.74387193596798395e+00	2.35466207999990573e-01
1.74487243621810895e+00	2.39784048000017014e-01
1.74587293646823394e+00	2.28285799999990852e-01
1.74687343671835915e+00	2.31628127999990718e-01
1.74787393696848414e+00	2.37193344000016848e-01
1.74887443721860913e+00	2.28557663999990862e-01
1.74987493746873435e+00	2.28029927999990861e-01
1.75087543771885934e+00	2.32011936000016461e-01
1.75187593796898433e+00	2.34026928000016621e-01
1.75287643821910932e+00	2.22416735999991094e-01
1.75387693846923454e+00	2.29245319999990815e-01
1.75487743871935953e+00	2.27406240000016135e-01
1.75587793896948452e+00	2.25487199999990978e-01
1.75687843921960973e+00	2.26638623999990935e-01
1.75787893946973472e+00	2.26206840000016063e-01
1.75887943971985972e+00	2.19730079999991196e-01
1.75987993996998493e+00	2.22416735999991094e-01
1.76088044022010992e+00	2.28557664000016231e-01
1.76188094047023491e+00	2.21505191999991136e-01
1.76288144072036013e+00	2.19410239999991208e-01
1.76388194097048512e+00	2.23376256000015844e-01
1.76488244122061011e+00	2.22512687999991104e-01
1.76588294147073532e+00	2.14020935999991418e-01
1.76688344172086031e+00	2.26446720000016061e-01
1.76788394197098531e+00	2.09559167999991608e-01
1.76888444222111052e+00	2.27406239999990906e-01
1.76988494247123551e+00	2.08647624000014797e-01
1.77088544272136050e+00	2.19314287999991225e-01
1.77188594297148572e+00	2.13972959999991441e-01
1.77288644322161071e+00	2.17235328000015410e-01
1.77388694347173570e+00	2.11909991999991526e-01
1.77488744372186091e+00	2.11094399999991550e-01
1.77588794397198591e+00	2.12437728000015091e-01
1.77688844422211090e+00	2.16947472000015407e-01
1.77788894447223589e+00	2.10566663999991577e-01
1.77888944472236110e+00	2.03290303999991873e-01
1.77988994497248609e+00	2.16659616000015376e-01
1.78089044522261108e+00	2.11286303999991543e-01
1.78189094547273630e+00	2.06920487999991715e-01
1.78289144572286129e+00	2.08983456000014833e-01
1.78389194597298628e+00	2.05049423999991792e-01
1.78489244622311150e+00	2.07640127999991680e-01
1.78589294647323649e+00	2.10438728000014924e-01
1.78689344672336148e+00	1.98044927999992071e-01
1.78789394697348669e+00	2.06872511999991709e-01
1.78889444722361168e+00	2.03466216000014438e-01
1.78989494747373667e+00	2.02938479999991872e-01
1.79089544772386189e+00	2.08599647999991644e-01
1.79189594797398688e+00	2.01307296000014291e-01
1.79289644822411187e+00	2.03274311999991852e-01
1.79389694847423709e+00	1.93695103999992235e-01
1.79489744872436208e+00	2.00731584000014257e-01
1.79589794897448707e+00	1.99868015999991988e-01
1.79689844922461228e+00	2.00587655999991982e-01
1.79789894947473727e+00	1.93055424000013715e-01
1.79889944972486227e+00	1.99196352000014149e-01
1.79989994997498726e+00	1.95166367999992180e-01
1.80090045022511247e+00	2.02506695999991881e-01
1.80190095047523746e+00	1.93023440000013702e-01
1.80290145072536245e+00	1.87874015999992483e-01
1.80390195097548767e+00	2.04185855999991839e-01
1.80490245122561266e+00	1.84275816000013082e-01
1.80590295147573765e+00	1.97661119999992085e-01
1.80690345172586286e+00	1.93439231999992245e-01
1.80790395197598786e+00	1.88737584000013392e-01
1.80890445222611285e+00	1.89521191999992400e-01
1.80990495247623806e+00	1.96125887999992143e-01
1.81090545272636305e+00	1.84803552000013110e-01
1.81190595297648804e+00	1.84083911999992633e-01
1.81290645322661326e+00	1.91712095999992338e-01
1.81390695347673825e+00	1.87394256000013304e-01
1.81490745372686324e+00	1.84035935999992628e-01
1.81590795397698845e+00	1.91056423999992342e-01
1.81690845422711345e+00	1.80773568000012819e-01
1.81790895447723844e+00	1.85187359999992585e-01
1.81890945472736365e+00	1.87010447999992502e-01
1.81990995497748864e+00	1.79286312000012715e-01
1.82091045522761363e+00	1.82500703999992686e-01
1.82191095547773885e+00	1.85763071999992563e-01
1.82291145572786384e+00	1.80389760000012805e-01
1.82391195597798883e+00	1.77815048000012632e-01
1.82491245622811382e+00	1.80677615999992769e-01
1.82591295647823904e+00	1.75975967999992960e-01
1.82691345672836403e+00	1.82932488000012994e-01
1.82791395697848902e+00	1.74632639999993011e-01
1.82891445722861423e+00	1.78470719999992866e-01
1.82991495747873922e+00	1.74056928000012351e-01
1.83091545772886422e+00	1.76951479999992917e-01
1.83191595797898943e+00	1.76743583999992931e-01
1.83291645822911442e+00	1.72329792000012222e-01
1.83391695847923941e+00	1.75784063999992968e-01
1.83491745872936463e+00	1.68731591999993241e-01
1.83591795897948962e+00	1.70698608000012103e-01
1.83691845922961461e+00	1.75400255999992982e-01
1.83791895947973982e+00	1.72441735999993101e-01
1.83891945972986481e+00	1.70026944000012059e-01
1.83991995997998981e+00	1.65421247999993387e-01
1.84092046023011502e+00	1.70026943999993185e-01
1.84192096048024001e+00	1.69595160000012041e-01
1.84292146073036500e+00	1.67915999999993265e-01
1.84392196098049022e+00	1.73161375999993067e-01
1.84492246123061521e+00	1.59520200000011325e-01
1.84592296148074020e+00	1.68299808000011958e-01
1.84692346173086519e+00	1.65325295999993377e-01
1.84792396198099040e+00	1.61775071999993525e-01
1.84892446223111540e+00	1.66812552000011827e-01
1.84992496248124039e+00	1.56401759999993728e-01
1.85092546273136560e+00	1.62222847999993508e-01
1.85192596298149059e+00	1.69595160000012041e-01
1.85292646323161558e+00	1.54674623999993821e-01
1.85392696348174080e+00	1.58128895999993663e-01
1.85492746373186579e+00	1.63502208000011612e-01
1.85592796398199078e+00	1.56257831999993740e-01
1.85692846423211599e+00	1.60815551999993561e-01
1.85792896448224099e+00	1.55794064000011057e-01
1.85892946473236598e+00	1.54722599999993798e-01
1.85992996498249119e+00	1.54290815999993836e-01
1.86093046523261618e+00	1.56977472000011137e-01
1.86193096548274117e+00	1.58896511999993634e-01
1.86293146573286639e+00	1.53859031999993845e-01
1.86393196598299138e+00	1.48021952000010504e-01
1.86493246623311637e+00	1.55250335999993772e-01
1.86593296648324158e+00	1.49733095999994015e-01
1.86693346673336658e+00	1.52563680000010832e-01
1.86793396698349157e+00	1.54194863999993825e-01
1.86893446723361678e+00	1.43016455999994269e-01
1.86993496748374177e+00	1.53587168000010904e-01
1.87093546773386676e+00	1.45271328000010302e-01
1.87193596798399176e+00	1.52755583999993894e-01
1.87293646823411697e+00	1.40617655999994373e-01
1.87393696848424196e+00	1.51987968000010798e-01
1.87493746873436695e+00	1.43352287999994249e-01
1.87593796898449217e+00	1.40009959999994382e-01
1.87693846923461716e+00	1.45847040000010364e-01
1.87793896948474215e+00	1.43832047999994245e-01
1.87893946973486736e+00	1.39178375999994441e-01
1.87993996998499235e+00	1.46998464000010431e-01
1.88094047023511735e+00	1.39898015999994407e-01
1.88194097048524256e+00	1.44519703999994226e-01
1.88294147073536755e+00	1.36635648000009685e-01
1.88394197098549254e+00	1.37595167999994494e-01
1.88494247123561776e+00	1.41433247999994349e-01
1.88594297148574275e+00	1.37259336000009752e-01
1.88694347173586774e+00	1.33469231999994664e-01
1.88794397198599295e+00	1.36891519999994521e-01
1.88894447223611794e+00	1.36491720000009698e-01
1.88994497248624294e+00	1.37019455999994516e-01
1.89094547273636815e+00	1.32029951999994705e-01
1.89194597298649314e+00	1.30446744000009246e-01
1.89294647323661813e+00	1.38170879999994473e-01
1.89394697348674335e+00	1.27488223999994904e-01
1.89494747373686834e+00	1.32077928000009365e-01
1.89594797398699333e+00	1.32893520000009424e-01
1.89694847423711832e+00	1.29343295999994834e-01
1.89794897448724353e+00	1.27280327999994891e-01
1.89894947473736853e+00	1.24417760000008829e-01
1.89994997498749352e+00	1.32989471999994668e-01
1.90095047523761873e+00	1.24689623999995003e-01
1.90195097548774372e+00	1.21859040000008648e-01
1.90295147573786871e+00	1.25121407999994994e-01
1.90395197598799393e+00	1.27088423999994898e-01
1.90495247623811892e+00	1.22210864000008676e-01
1.90595297648824391e+00	1.26272831999994950e-01
1.90695347673836912e+00	1.22674631999995093e-01
1.90795397698849412e+00	1.18212864000008383e-01
1.90895447723861911e+00	1.23298319999995062e-01
1.90995497748874432e+00	1.19092423999995228e-01
1.91095547773886931e+00	1.20131904000008533e-01
1.91195597798899430e+00	1.20515711999995181e-01
1.91295647823911952e+00	1.15094423999995393e-01
1.91395697848924451e+00	1.13223360000008030e-01
1.91495747873936950e+00	1.20627655999995170e-01
1.91595797898949471e+00	1.11880031999995522e-01
1.91695847923961971e+00	1.16293824000008247e-01
1.91795897948974470e+00	1.11448248000007910e-01
1.91895947973986969e+00	1.15334303999995377e-01
1.91995997998999490e+00	1.12135903999995512e-01
1.92096048024011989e+00	1.12311816000007975e-01
1.92196098049024489e+00	1.08905519999995634e-01
1.92296148074037010e+00	1.12071935999995514e-01
1.92396198099049509e+00	1.03676136000007357e-01
1.92496248124062008e+00	1.11464239999995537e-01
1.92596298149074530e+00	1.05978983999995752e-01
1.92696348174087029e+00	1.08425760000007698e-01
1.92796398199099528e+00	1.06314815999995746e-01
1.92896448224112049e+00	1.03004471999995878e-01
1.92996498249124548e+00	1.04651648000007425e-01
1.93096548274137048e+00	1.01948999999995918e-01
1.93196598299149569e+00	1.01901023999995927e-01
1.93296648324162068e+00	1.01229360000007179e-01
1.93396698349174567e+00	1.02972487999995879e-01
1.93496748374187089e+00	9.71034239999961080e-02
1.93596798399199588e+00	1.02908520000007303e-01
1.93696848424212087e+00	9.56641439999961762e-02
1.93796898449224608e+00	9.84467519999960572e-02
1.93896948474237107e+00	9.47206160000067243e-02
1.93996998499249607e+00	9.39370079999962415e-02
1.94097048524262128e+00	9.83028239999960696e-02
1.94197098549274627e+00	8.98110720000063756e-02
1.94297148574287126e+00	9.50564480000067463e-02
1.94397198599299625e+00	9.14902319999963409e-02
1.94497248624312147e+00	8.94272639999964258e-02
1.94597298649324646e+00	9.33133200000066249e-02
1.94697348674337145e+00	8.88195679999964488e-02
1.94797398699349666e+00	8.94752399999964171e-02
1.94897448724362166e+00	8.71244160000061857e-02
1.94997498749374665e+00	8.66926319999965223e-02
1.95097548774387186e+00	8.39260159999966338e-02
1.95197598799399685e+00	8.77001280000062194e-02
1.95297648824412184e+00	7.99759919999968039e-02
1.95397698849424706e+00	8.38620479999966362e-02
1.95497748874437205e+00	8.09035280000057477e-02
1.95597798899449704e+00	8.29984799999966827e-02
1.95697848924462225e+00	8.04557519999967857e-02
1.95797898949474725e+00	7.71454080000054804e-02
1.95897948974487224e+00	7.67775919999969247e-02
1.95997998999499745e+00	7.77211199999968821e-02
1.96098049024512244e+00	7.58500560000053836e-02
1.96198099049524743e+00	7.63458079999969480e-02
1.96298149074537265e+00	7.20119759999971187e-02
1.96398199099549764e+00	7.33073280000052091e-02
1.96498249124562263e+00	7.08285680000050322e-02
1.96598299149574762e+00	7.10524559999971550e-02
1.96698349174587284e+00	6.93732959999972254e-02
1.96798399199599783e+00	6.95172240000049291e-02
1.96898449224612282e+00	6.37760959999974508e-02
1.96998499249624803e+00	6.63508079999973466e-02
1.97098549274637302e+00	6.65906880000047274e-02
1.97198599299649802e+00	6.29605039999974747e-02
1.97298649324662323e+00	6.41439119999974300e-02
1.97398699349674822e+00	5.96821440000042322e-02
1.97498749374687321e+00	6.00819439999975974e-02
1.97598799399699843e+00	5.94902399999976197e-02
1.97698849424712342e+00	5.62438640000039944e-02
1.97798899449724841e+00	5.57001359999977699e-02
1.97898949474737362e+00	5.53643039999977826e-02
1.97998999499749861e+00	5.40369680000038349e-02
1.98099049524762361e+00	5.08065839999979688e-02
1.98199099549774882e+00	5.11584079999979485e-02
1.98299149574787381e+00	4.84557600000034422e-02
1.98399199599799880e+00	4.89834959999980377e-02
1.98499249624812402e+00	4.56891439999981691e-02
1.98599299649824901e+00	4.51454160000032065e-02
1.98699349674837400e+00	4.30024879999982776e-02
1.98799399699849921e+00	4.06356719999983740e-02
1.98899449724862420e+00	4.05557120000028803e-02
1.98999499749874920e+00	3.70534640000026311e-02
1.99099549774887419e+00	3.54542639999985837e-02
1.99199599799899940e+00	3.32633599999986665e-02
1.99299649824912439e+00	3.13283280000022230e-02
1.99399699849924938e+00	2.78420719999988853e-02
1.99499749874937460e+00	2.68825519999989250e-02
1.99599799899949959e+00	2.38600640000016934e-02
1.99699849924962458e+00	2.05017439999991800e-02
1.99799899949974979e+00	1.63758079999993429e-02
1.99899949974987479e+00	1.17861039999995285e-02
2.00000000000000000e+00	5.83707999999909591e-03
