0.000000000000000e+00	-1.000000000000000e-02
1.000000000000000e-03	-1.000000000000000e-02
2.000000000000000e-03	9.899970800000002e-01
3.000000000000000e-03	9.899970800000002e-01
4.000000000000000e-03	9.899970800000002e-01
5.000000000000000e-03	9.899970800000002e-01
6.000000000000000e-03	9.899970800000002e-01
7.000000000000000e-03	9.899970800000002e-01
8.000000000000000e-03	9.899970800000002e-01
9.000000000000001e-03	9.899970800000002e-01
1.000000000000000e-02	9.899970800000002e-01
1.100000000000000e-02	9.899970800000002e-01
1.200000000000000e-02	9.899970800000002e-01
1.300000000000000e-02	9.899970800000002e-01
1.400000000000001e-02	9.899970800000002e-01
1.500000000000001e-02	9.899970800000002e-01
1.600000000000001e-02	9.899970800000002e-01
1.700000000000001e-02	9.899970800000002e-01
1.800000000000001e-02	9.899970800000002e-01
1.900000000000001e-02	9.899970800000002e-01
2.000000000000001e-02	9.899970800000002e-01
2.100000000000001e-02	9.899970800000002e-01
2.200000000000001e-02	9.899970800000002e-01
2.300000000000001e-02	9.899970800000002e-01
2.400000000000001e-02	9.899970800000002e-01
2.500000000000002e-02	9.899970800000002e-01
2.600000000000002e-02	9.899970800000002e-01
2.700000000000002e-02	9.899970800000002e-01
2.800000000000002e-02	9.899970800000002e-01
2.900000000000002e-02	9.899970800000002e-01
3.000000000000002e-02	9.899970800000002e-01
3.100000000000002e-02	9.899970800000002e-01
3.200000000000002e-02	9.899970800000002e-01
3.300000000000002e-02	9.899970800000002e-01
3.400000000000002e-02	9.899970800000002e-01
3.500000000000002e-02	9.899970800000002e-01
3.600000000000003e-02	9.899970800000002e-01
3.700000000000003e-02	9.899970800000002e-01
3.800000000000003e-02	9.899970800000002e-01
3.900000000000003e-02	9.899970800000002e-01
4.000000000000003e-02	9.899970800000002e-01
4.100000000000003e-02	9.899970800000002e-01
4.200000000000003e-02	9.899970800000002e-01
4.300000000000003e-02	9.899970800000002e-01
4.400000000000003e-02	9.899970800000002e-01
4.500000000000003e-02	9.899970800000002e-01
4.600000000000003e-02	9.899970800000002e-01
4.700000000000003e-02	9.899970800000002e-01
4.800000000000004e-02	9.899970800000002e-01
4.900000000000004e-02	9.899970800000002e-01
5.000000000000004e-02	9.899970800000002e-01
5.100000000000004e-02	9.899970800000002e-01
5.200000000000004e-02	9.899970800000002e-01
5.300000000000004e-02	9.899970800000002e-01
5.400000000000004e-02	9.899970800000002e-01
5.500000000000004e-02	9.899970800000002e-01
5.600000000000004e-02	9.899970800000002e-01
5.700000000000004e-02	9.899970800000002e-01
5.800000000000004e-02	9.899970800000002e-01
5.900000000000005e-02	9.899970800000002e-01
6.000000000000005e-02	9.899970800000002e-01
6.100000000000005e-02	9.899970800000002e-01
6.200000000000005e-02	9.899970800000002e-01
6.300000000000004e-02	9.899970800000002e-01
6.400000000000004e-02	9.899970800000002e-01
6.500000000000004e-02	9.899970800000002e-01
6.600000000000004e-02	9.899970800000002e-01
6.700000000000005e-02	9.899970800000002e-01
6.800000000000005e-02	9.899970800000002e-01
6.900000000000005e-02	9.899970800000002e-01
7.000000000000005e-02	9.899970800000002e-01
7.100000000000005e-02	9.899970800000002e-01
7.200000000000005e-02	9.899970800000002e-01
7.300000000000005e-02	9.899970800000002e-01
7.400000000000005e-02	9.899970800000002e-01
7.500000000000005e-02	9.899970800000002e-01
7.600000000000005e-02	9.899970800000002e-01
7.700000000000005e-02	9.899970800000002e-01
7.800000000000006e-02	9.899970800000002e-01
7.900000000000006e-02	9.899970800000002e-01
8.000000000000006e-02	9.899970800000002e-01
8.100000000000006e-02	9.899970800000002e-01
8.200000000000006e-02	9.899970800000002e-01
8.300000000000006e-02	9.899970800000002e-01
8.400000000000006e-02	9.899970800000002e-01
8.500000000000006e-02	9.899970800000002e-01
8.600000000000006e-02	9.899970800000002e-01
8.700000000000006e-02	9.899970800000002e-01
8.800000000000006e-02	9.899970800000002e-01
8.900000000000007e-02	9.899970800000002e-01
9.000000000000007e-02	9.899970800000002e-01
9.100000000000007e-02	9.899970800000002e-01
9.200000000000007e-02	9.899970800000002e-01
9.300000000000007e-02	9.899970800000002e-01
9.400000000000007e-02	9.899970800000002e-01
9.500000000000007e-02	9.899970800000002e-01
9.600000000000007e-02	9.899970800000002e-01
9.700000000000007e-02	9.899970800000002e-01
9.800000000000007e-02	9.899970800000002e-01
9.900000000000007e-02	9.899970800000002e-01
1.000000000000001e-01	9.899970800000002e-01
1.010000000000001e-01	9.899970800000002e-01
1.020000000000001e-01	9.899970800000002e-01
1.030000000000001e-01	9.899970800000002e-01
1.040000000000001e-01	9.899970800000002e-01
1.050000000000001e-01	9.899970800000002e-01
1.060000000000001e-01	9.899970800000002e-01
1.070000000000001e-01	9.899970800000002e-01
1.080000000000001e-01	9.899970800000002e-01
1.090000000000001e-01	9.899970800000002e-01
1.100000000000001e-01	9.899970800000002e-01
1.110000000000001e-01	9.899970800000002e-01
1.120000000000001e-01	9.899970800000002e-01
1.130000000000001e-01	9.899970800000002e-01
1.140000000000001e-01	9.899970800000002e-01
1.150000000000001e-01	9.899970800000002e-01
1.160000000000001e-01	9.899970800000002e-01
1.170000000000001e-01	9.899970800000002e-01
1.180000000000001e-01	9.899970800000002e-01
1.190000000000001e-01	9.899970800000002e-01
1.200000000000001e-01	9.899970800000002e-01
1.210000000000001e-01	9.899970800000002e-01
1.220000000000001e-01	9.899970800000002e-01
1.230000000000001e-01	9.899970800000002e-01
1.240000000000001e-01	9.899970800000002e-01
1.250000000000001e-01	9.899970800000002e-01
1.260000000000001e-01	9.899970800000002e-01
1.270000000000001e-01	9.899970800000002e-01
1.280000000000001e-01	9.899970800000002e-01
1.290000000000001e-01	9.899970800000002e-01
1.300000000000001e-01	9.899970800000002e-01
1.310000000000001e-01	9.899970800000002e-01
1.320000000000001e-01	9.899970800000002e-01
1.330000000000001e-01	9.899970800000002e-01
1.340000000000001e-01	9.899970800000002e-01
1.350000000000001e-01	9.899970800000002e-01
1.360000000000001e-01	9.899970800000002e-01
1.370000000000001e-01	9.899970800000002e-01
1.380000000000001e-01	9.899970800000002e-01
1.390000000000001e-01	9.899970800000002e-01
1.400000000000001e-01	9.899970800000002e-01
1.410000000000001e-01	9.899970800000002e-01
1.420000000000001e-01	9.899970800000002e-01
1.430000000000001e-01	9.899970800000002e-01
1.440000000000001e-01	9.899970800000002e-01
1.450000000000001e-01	9.899970800000002e-01
1.460000000000001e-01	9.899970800000002e-01
1.470000000000001e-01	9.899970800000002e-01
1.480000000000001e-01	9.899970800000002e-01
1.490000000000001e-01	9.899970800000002e-01
1.500000000000001e-01	9.899970800000002e-01
1.510000000000001e-01	9.899970800000002e-01
1.520000000000001e-01	9.899970800000002e-01
1.530000000000001e-01	9.899970800000002e-01
1.540000000000001e-01	9.899970800000002e-01
1.550000000000001e-01	9.899970800000002e-01
1.560000000000001e-01	9.899970800000002e-01
1.570000000000001e-01	9.899970800000002e-01
1.580000000000001e-01	9.899970800000002e-01
1.590000000000001e-01	9.899970800000002e-01
1.600000000000001e-01	9.899970800000002e-01
1.610000000000001e-01	9.899970800000002e-01
1.620000000000001e-01	9.899970800000002e-01
1.630000000000001e-01	9.899970800000002e-01
1.640000000000001e-01	9.899970800000002e-01
1.650000000000001e-01	9.899970800000002e-01
1.660000000000001e-01	9.899970800000002e-01
1.670000000000001e-01	9.899970800000002e-01
1.680000000000001e-01	9.899970800000002e-01
1.690000000000001e-01	9.899970800000002e-01
1.700000000000001e-01	9.899970800000002e-01
1.710000000000001e-01	9.899970800000002e-01
1.720000000000001e-01	9.899970800000002e-01
1.730000000000001e-01	9.899970800000002e-01
1.740000000000001e-01	9.899970800000002e-01
1.750000000000001e-01	9.899970800000002e-01
1.760000000000001e-01	9.899970800000002e-01
1.770000000000001e-01	9.899970800000002e-01
1.780000000000001e-01	9.899970800000002e-01
1.790000000000001e-01	9.899970800000002e-01
1.800000000000001e-01	9.899970800000002e-01
1.810000000000001e-01	9.899970800000002e-01
1.820000000000001e-01	9.899970800000002e-01
1.830000000000001e-01	9.899970800000002e-01
1.840000000000001e-01	9.899970800000002e-01
1.850000000000001e-01	9.899970800000002e-01
1.860000000000001e-01	9.899970800000002e-01
1.870000000000001e-01	9.899970800000002e-01
1.880000000000001e-01	9.899970800000002e-01
1.890000000000001e-01	9.899970800000002e-01
1.900000000000001e-01	9.899970800000002e-01
1.910000000000001e-01	9.899970800000002e-01
1.920000000000001e-01	9.899970800000002e-01
1.930000000000001e-01	9.899970800000002e-01
1.940000000000001e-01	9.899970800000002e-01
1.950000000000001e-01	9.899970800000002e-01
1.960000000000001e-01	9.899970800000002e-01
1.970000000000001e-01	9.899970800000002e-01
1.980000000000001e-01	9.899970800000002e-01
1.990000000000001e-01	9.899970800000002e-01
2.000000000000001e-01	9.899970800000002e-01
2.010000000000002e-01	9.899970800000002e-01
2.020000000000002e-01	9.899970800000002e-01
2.030000000000002e-01	9.899970800000002e-01
2.040000000000002e-01	9.899970800000002e-01
2.050000000000002e-01	9.899970800000002e-01
2.060000000000002e-01	9.899970800000002e-01
2.070000000000002e-01	9.899970800000002e-01
2.080000000000002e-01	9.899970800000002e-01
2.090000000000002e-01	9.899970800000002e-01
2.100000000000002e-01	9.899970800000002e-01
2.110000000000002e-01	9.899970800000002e-01
2.120000000000002e-01	9.899970800000002e-01
2.130000000000002e-01	9.899970800000002e-01
2.140000000000002e-01	9.899970800000002e-01
2.150000000000002e-01	9.899970800000002e-01
2.160000000000002e-01	9.899970800000002e-01
2.170000000000002e-01	9.899970800000002e-01
2.180000000000002e-01	9.899970800000002e-01
2.190000000000002e-01	9.899970800000002e-01
2.200000000000002e-01	9.899970800000002e-01
2.210000000000002e-01	9.899970800000002e-01
2.220000000000002e-01	9.899970800000002e-01
2.230000000000002e-01	9.899970800000002e-01
2.240000000000002e-01	9.899970800000002e-01
2.250000000000002e-01	9.899970800000002e-01
2.260000000000002e-01	9.899970800000002e-01
2.270000000000002e-01	9.899970800000002e-01
2.280000000000002e-01	9.899970800000002e-01
2.290000000000002e-01	9.899970800000002e-01
2.300000000000002e-01	9.899970800000002e-01
2.310000000000002e-01	9.899970800000002e-01
2.320000000000002e-01	9.899970800000002e-01
2.330000000000002e-01	9.899970800000002e-01
2.340000000000002e-01	9.899970800000002e-01
2.350000000000002e-01	9.899970800000002e-01
2.360000000000002e-01	9.899970800000002e-01
2.370000000000002e-01	9.899970800000002e-01
2.380000000000002e-01	9.899970800000002e-01
2.390000000000002e-01	9.899970800000002e-01
2.400000000000002e-01	9.899970800000002e-01
2.410000000000002e-01	9.899970800000002e-01
2.420000000000002e-01	9.899970800000002e-01
2.430000000000002e-01	9.899970800000002e-01
2.440000000000002e-01	9.899970800000002e-01
2.450000000000002e-01	9.899970800000002e-01
2.460000000000002e-01	9.899970800000002e-01
2.470000000000002e-01	9.899970800000002e-01
2.480000000000002e-01	9.899970800000002e-01
2.490000000000002e-01	9.899970800000002e-01
2.500000000000002e-01	9.899970800000002e-01
2.510000000000002e-01	9.899970800000002e-01
2.520000000000002e-01	9.899970800000002e-01
2.530000000000002e-01	9.899970800000002e-01
2.540000000000002e-01	9.899970800000002e-01
2.550000000000002e-01	9.899970800000002e-01
2.560000000000002e-01	9.899970800000002e-01
2.570000000000002e-01	9.899970800000002e-01
2.580000000000002e-01	9.899970800000002e-01
2.590000000000002e-01	9.899970800000002e-01
2.600000000000002e-01	9.899970800000002e-01
2.610000000000002e-01	9.899970800000002e-01
2.620000000000002e-01	9.899970800000002e-01
2.630000000000002e-01	9.899970800000002e-01
2.640000000000002e-01	9.899970800000002e-01
2.650000000000002e-01	9.899970800000002e-01
2.660000000000002e-01	9.899970800000002e-01
2.670000000000002e-01	9.899970800000002e-01
2.680000000000002e-01	9.899970800000002e-01
2.690000000000002e-01	9.899970800000002e-01
2.700000000000002e-01	9.899970800000002e-01
2.710000000000002e-01	9.899970800000002e-01
2.720000000000002e-01	9.899970800000002e-01
2.730000000000002e-01	9.899970800000002e-01
2.740000000000002e-01	9.899970800000002e-01
2.750000000000002e-01	9.899970800000002e-01
2.760000000000002e-01	9.899970800000002e-01
2.770000000000002e-01	9.899970800000002e-01
2.780000000000002e-01	9.899970800000002e-01
2.790000000000002e-01	9.899970800000002e-01
2.800000000000002e-01	9.899970800000002e-01
2.810000000000002e-01	9.899970800000002e-01
2.820000000000002e-01	9.899970800000002e-01
2.830000000000002e-01	9.899970800000002e-01
2.840000000000002e-01	9.899970800000002e-01
2.850000000000002e-01	9.899970800000002e-01
2.860000000000002e-01	9.899970800000002e-01
2.870000000000002e-01	9.899970800000002e-01
2.880000000000002e-01	9.899970800000002e-01
2.890000000000002e-01	9.899970800000002e-01
2.900000000000002e-01	9.899970800000002e-01
2.910000000000002e-01	9.899970800000002e-01
2.920000000000002e-01	9.899970800000002e-01
2.930000000000002e-01	9.899970800000002e-01
2.940000000000002e-01	9.899970800000002e-01
2.950000000000002e-01	9.899970800000002e-01
2.960000000000002e-01	9.899970800000002e-01
2.970000000000002e-01	9.899970800000002e-01
2.980000000000002e-01	9.899970800000002e-01
2.990000000000002e-01	9.899970800000002e-01
3.000000000000002e-01	9.899970800000002e-01
3.010000000000002e-01	9.899970800000002e-01
3.020000000000002e-01	9.899970800000002e-01
3.030000000000002e-01	9.899970800000002e-01
3.040000000000002e-01	9.899970800000002e-01
3.050000000000002e-01	9.899970800000002e-01
3.060000000000002e-01	9.899970800000002e-01
3.070000000000002e-01	9.899970800000002e-01
3.080000000000002e-01	9.899970800000002e-01
3.090000000000002e-01	9.899970800000002e-01
3.100000000000002e-01	9.899970800000002e-01
3.110000000000002e-01	9.899970800000002e-01
3.120000000000002e-01	9.899970800000002e-01
3.130000000000002e-01	9.899970800000002e-01
3.140000000000002e-01	9.899970800000002e-01
3.150000000000002e-01	9.899970800000002e-01
3.160000000000002e-01	9.899970800000002e-01
3.170000000000002e-01	9.899970800000002e-01
3.180000000000002e-01	9.899970800000002e-01
3.190000000000002e-01	9.899970800000002e-01
3.200000000000002e-01	9.899970800000002e-01
3.210000000000002e-01	9.899970800000002e-01
3.220000000000002e-01	9.899970800000002e-01
3.230000000000002e-01	9.899970800000002e-01
3.240000000000002e-01	9.899970800000002e-01
3.250000000000002e-01	9.899970800000002e-01
3.260000000000002e-01	9.899970800000002e-01
3.270000000000002e-01	9.899970800000002e-01
3.280000000000002e-01	9.899970800000002e-01
3.290000000000002e-01	9.899970800000002e-01
3.300000000000002e-01	9.899970800000002e-01
3.310000000000002e-01	9.899970800000002e-01
3.320000000000002e-01	9.899970800000002e-01
3.330000000000002e-01	9.899970800000002e-01
3.340000000000002e-01	9.899970800000002e-01
3.350000000000002e-01	9.899970800000002e-01
3.360000000000002e-01	9.899970800000002e-01
3.370000000000002e-01	9.899970800000002e-01
3.380000000000002e-01	9.899970800000002e-01
3.390000000000002e-01	9.899970800000002e-01
3.400000000000002e-01	9.899970800000002e-01
3.410000000000002e-01	9.899970800000002e-01
3.420000000000002e-01	9.899970800000002e-01
3.430000000000002e-01	9.899970800000002e-01
3.440000000000003e-01	9.899970800000002e-01
3.450000000000003e-01	9.899970800000002e-01
3.460000000000003e-01	9.899970800000002e-01
3.470000000000003e-01	9.899970800000002e-01
3.480000000000003e-01	9.899970800000002e-01
3.490000000000003e-01	9.899970800000002e-01
3.500000000000003e-01	9.899970800000002e-01
3.510000000000003e-01	9.899970800000002e-01
3.520000000000003e-01	9.899970800000002e-01
3.530000000000003e-01	9.899970800000002e-01
3.540000000000003e-01	9.899970800000002e-01
3.550000000000003e-01	9.899970800000002e-01
3.560000000000003e-01	9.899970800000002e-01
3.570000000000003e-01	9.899970800000002e-01
3.580000000000003e-01	9.899970800000002e-01
3.590000000000003e-01	9.899970800000002e-01
3.600000000000003e-01	9.899970800000002e-01
3.610000000000003e-01	9.899970800000002e-01
3.620000000000003e-01	9.899970800000002e-01
3.630000000000003e-01	9.899970800000002e-01
3.640000000000003e-01	9.899970800000002e-01
3.650000000000003e-01	9.899970800000002e-01
3.660000000000003e-01	9.899970800000002e-01
3.670000000000003e-01	9.899970800000002e-01
3.680000000000003e-01	9.899970800000002e-01
3.690000000000003e-01	9.899970800000002e-01
3.700000000000003e-01	9.899970800000002e-01
3.710000000000003e-01	9.899970800000002e-01
3.720000000000003e-01	9.899970800000002e-01
3.730000000000003e-01	9.899970800000002e-01
3.740000000000003e-01	9.899970800000002e-01
3.750000000000003e-01	9.899970800000002e-01
3.760000000000003e-01	9.899970800000002e-01
3.770000000000003e-01	9.899970800000002e-01
3.780000000000003e-01	9.899970800000002e-01
3.790000000000003e-01	9.899970800000002e-01
3.800000000000003e-01	9.899970800000002e-01
3.810000000000003e-01	9.899970800000002e-01
3.820000000000003e-01	9.899970800000002e-01
3.830000000000003e-01	9.899970800000002e-01
3.840000000000003e-01	9.899970800000002e-01
3.850000000000003e-01	9.899970800000002e-01
3.860000000000003e-01	9.899970800000002e-01
3.870000000000003e-01	9.899970800000002e-01
3.880000000000003e-01	9.899970800000002e-01
3.890000000000003e-01	9.899970800000002e-01
3.900000000000003e-01	9.899970800000002e-01
3.910000000000003e-01	9.899970800000002e-01
3.920000000000003e-01	9.899970800000002e-01
3.930000000000003e-01	9.899970800000002e-01
3.940000000000003e-01	9.899970800000002e-01
3.950000000000003e-01	9.899970800000002e-01
3.960000000000003e-01	9.899970800000002e-01
3.970000000000003e-01	9.899970800000002e-01
3.980000000000003e-01	9.899970800000002e-01
3.990000000000003e-01	9.899970800000002e-01
4.000000000000003e-01	9.899970800000002e-01
4.010000000000003e-01	9.899970800000002e-01
4.020000000000003e-01	9.899970800000002e-01
4.030000000000003e-01	9.899970800000002e-01
4.040000000000003e-01	9.899970800000002e-01
4.050000000000003e-01	9.899970800000002e-01
4.060000000000003e-01	9.899970800000002e-01
4.070000000000003e-01	9.899970800000002e-01
4.080000000000003e-01	9.899970800000002e-01
4.090000000000003e-01	9.899970800000002e-01
4.100000000000003e-01	9.899970800000002e-01
4.110000000000003e-01	9.899970800000002e-01
4.120000000000003e-01	9.899970800000002e-01
4.130000000000003e-01	9.899970800000002e-01
4.140000000000003e-01	9.899970800000002e-01
4.150000000000003e-01	9.899970800000002e-01
4.160000000000003e-01	9.899970800000002e-01
4.170000000000003e-01	9.899970800000002e-01
4.180000000000003e-01	9.899970800000002e-01
4.190000000000003e-01	9.899970800000002e-01
4.200000000000003e-01	9.899970800000002e-01
4.210000000000003e-01	9.899970800000002e-01
4.220000000000003e-01	9.899970800000002e-01
4.230000000000003e-01	9.899970800000002e-01
4.240000000000003e-01	9.899970800000002e-01
4.250000000000003e-01	9.899970800000002e-01
4.260000000000003e-01	9.899970800000002e-01
4.270000000000003e-01	9.899970800000002e-01
4.280000000000003e-01	9.899970800000002e-01
4.290000000000003e-01	9.899970800000002e-01
4.300000000000003e-01	9.899970800000002e-01
4.310000000000003e-01	9.899970800000002e-01
4.320000000000003e-01	9.899970800000002e-01
4.330000000000003e-01	9.899970800000002e-01
4.340000000000003e-01	9.899970800000002e-01
4.350000000000003e-01	9.899970800000002e-01
4.360000000000003e-01	9.899970800000002e-01
4.370000000000003e-01	9.899970800000002e-01
4.380000000000003e-01	9.899970800000002e-01
4.390000000000003e-01	9.899970800000002e-01
4.400000000000003e-01	9.899970800000002e-01
4.410000000000003e-01	9.899970800000002e-01
4.420000000000003e-01	9.899970800000002e-01
4.430000000000003e-01	9.899970800000002e-01
4.440000000000003e-01	9.899970800000002e-01
4.450000000000003e-01	9.899970800000002e-01
4.460000000000003e-01	9.899970800000002e-01
4.470000000000003e-01	9.899970800000002e-01
4.480000000000003e-01	9.899970800000002e-01
4.490000000000003e-01	9.899970800000002e-01
4.500000000000003e-01	9.899970800000002e-01
4.510000000000003e-01	9.899970800000002e-01
4.520000000000003e-01	9.899970800000002e-01
4.530000000000003e-01	9.899970800000002e-01
4.540000000000003e-01	9.899970800000002e-01
4.550000000000003e-01	9.899970800000002e-01
4.560000000000003e-01	9.899970800000002e-01
4.570000000000004e-01	9.899970800000002e-01
4.580000000000004e-01	9.899970800000002e-01
4.590000000000004e-01	9.899970800000002e-01
4.600000000000004e-01	9.899970800000002e-01
4.610000000000004e-01	9.899970800000002e-01
4.620000000000004e-01	9.899970800000002e-01
4.630000000000004e-01	9.899970800000002e-01
4.640000000000004e-01	9.899970800000002e-01
4.650000000000004e-01	9.899970800000002e-01
4.660000000000004e-01	9.899970800000002e-01
4.670000000000004e-01	9.899970800000002e-01
4.680000000000004e-01	9.899970800000002e-01
4.690000000000004e-01	9.899970800000002e-01
4.700000000000004e-01	9.899970800000002e-01
4.710000000000004e-01	9.899970800000002e-01
4.720000000000004e-01	9.899970800000002e-01
4.730000000000004e-01	9.899970800000002e-01
4.740000000000004e-01	9.899970800000002e-01
4.750000000000004e-01	9.899970800000002e-01
4.760000000000004e-01	9.899970800000002e-01
4.770000000000004e-01	9.899970800000002e-01
4.780000000000004e-01	9.899970800000002e-01
4.790000000000004e-01	9.899970800000002e-01
4.800000000000004e-01	9.899970800000002e-01
4.810000000000004e-01	9.899970800000002e-01
4.820000000000004e-01	9.899970800000002e-01
4.830000000000004e-01	9.899970800000002e-01
4.840000000000004e-01	9.899970800000002e-01
4.850000000000004e-01	9.899970800000002e-01
4.860000000000004e-01	9.899970800000002e-01
4.870000000000004e-01	9.899970800000002e-01
4.880000000000004e-01	9.899970800000002e-01
4.890000000000004e-01	9.899970800000002e-01
4.900000000000004e-01	9.899970800000002e-01
4.910000000000004e-01	9.899970800000002e-01
4.920000000000004e-01	9.899970800000002e-01
4.930000000000004e-01	9.899970800000002e-01
4.940000000000004e-01	9.899970800000002e-01
4.950000000000004e-01	9.899970800000002e-01
4.960000000000004e-01	9.899970800000002e-01
4.970000000000004e-01	9.899970800000002e-01
4.980000000000004e-01	9.899970800000002e-01
4.990000000000004e-01	9.899970800000002e-01
5.000000000000003e-01	9.899970800000002e-01
5.010000000000003e-01	9.899970800000002e-01
5.020000000000003e-01	9.899970800000002e-01
5.030000000000003e-01	9.899970800000002e-01
5.040000000000003e-01	9.899970800000002e-01
5.050000000000003e-01	9.899970800000002e-01
5.060000000000003e-01	9.899970800000002e-01
5.070000000000003e-01	9.899970800000002e-01
5.080000000000003e-01	9.899970800000002e-01
5.090000000000003e-01	9.899970800000002e-01
5.100000000000003e-01	9.899970800000002e-01
5.110000000000003e-01	9.899970800000002e-01
5.120000000000003e-01	9.899970800000002e-01
5.130000000000003e-01	9.899970800000002e-01
5.140000000000003e-01	9.899970800000002e-01
5.150000000000003e-01	9.899970800000002e-01
5.160000000000003e-01	9.899970800000002e-01
5.170000000000003e-01	9.899970800000002e-01
5.180000000000003e-01	9.899970800000002e-01
5.190000000000003e-01	9.899970800000002e-01
5.200000000000004e-01	9.899970800000002e-01
5.210000000000004e-01	9.899970800000002e-01
5.220000000000004e-01	9.899970800000002e-01
5.230000000000004e-01	9.899970800000002e-01
5.240000000000004e-01	9.899970800000002e-01
5.250000000000004e-01	9.899970800000002e-01
5.260000000000004e-01	9.899970800000002e-01
5.270000000000004e-01	9.899970800000002e-01
5.280000000000004e-01	9.899970800000002e-01
5.290000000000004e-01	9.899970800000002e-01
5.300000000000004e-01	9.899970800000002e-01
5.310000000000004e-01	9.899970800000002e-01
5.320000000000004e-01	9.899970800000002e-01
5.330000000000004e-01	9.899970800000002e-01
5.340000000000004e-01	9.899970800000002e-01
5.350000000000004e-01	9.899970800000002e-01
5.360000000000004e-01	9.899970800000002e-01
5.370000000000004e-01	9.899970800000002e-01
5.380000000000004e-01	9.899970800000002e-01
5.390000000000004e-01	9.899970800000002e-01
5.400000000000004e-01	9.899970800000002e-01
5.410000000000004e-01	9.899970800000002e-01
5.420000000000004e-01	9.899970800000002e-01
5.430000000000004e-01	9.899970800000002e-01
5.440000000000004e-01	9.899970800000002e-01
5.450000000000004e-01	9.899970800000002e-01
5.460000000000004e-01	9.899970800000002e-01
5.470000000000004e-01	9.899970800000002e-01
5.480000000000004e-01	9.899970800000002e-01
5.490000000000004e-01	9.899970800000002e-01
5.500000000000004e-01	9.899970800000002e-01
5.510000000000004e-01	9.899970800000002e-01
5.520000000000004e-01	9.899970800000002e-01
5.530000000000004e-01	9.899970800000002e-01
5.540000000000004e-01	9.899970800000002e-01
5.550000000000004e-01	9.899970800000002e-01
5.560000000000004e-01	9.899970800000002e-01
5.570000000000004e-01	9.899970800000002e-01
5.580000000000004e-01	9.899970800000002e-01
5.590000000000004e-01	9.899970800000002e-01
5.600000000000004e-01	9.899970800000002e-01
5.610000000000004e-01	9.899970800000002e-01
5.620000000000004e-01	9.899970800000002e-01
5.630000000000004e-01	9.899970800000002e-01
5.640000000000004e-01	9.899970800000002e-01
5.650000000000004e-01	9.899970800000002e-01
5.660000000000004e-01	9.899970800000002e-01
5.670000000000004e-01	9.899970800000002e-01
5.680000000000004e-01	9.899970800000002e-01
5.690000000000004e-01	9.899970800000002e-01
5.700000000000004e-01	9.899970800000002e-01
5.710000000000004e-01	9.899970800000002e-01
5.720000000000004e-01	9.899970800000002e-01
5.730000000000004e-01	9.899970800000002e-01
5.740000000000004e-01	9.899970800000002e-01
5.750000000000004e-01	9.899970800000002e-01
5.760000000000004e-01	9.899970800000002e-01
5.770000000000004e-01	9.899970800000002e-01
5.780000000000004e-01	9.899970800000002e-01
5.790000000000004e-01	9.899970800000002e-01
5.800000000000004e-01	9.899970800000002e-01
5.810000000000004e-01	9.899970800000002e-01
5.820000000000004e-01	9.899970800000002e-01
5.830000000000004e-01	9.899970800000002e-01
5.840000000000004e-01	9.899970800000002e-01
5.850000000000004e-01	9.899970800000002e-01
5.860000000000004e-01	9.899970800000002e-01
5.870000000000004e-01	9.899970800000002e-01
5.880000000000004e-01	9.899970800000002e-01
5.890000000000004e-01	9.899970800000002e-01
5.900000000000004e-01	9.899970800000002e-01
5.910000000000004e-01	9.899970800000002e-01
5.920000000000004e-01	9.899970800000002e-01
5.930000000000004e-01	9.899970800000002e-01
5.940000000000004e-01	9.899970800000002e-01
5.950000000000004e-01	9.899970800000002e-01
5.960000000000004e-01	9.899970800000002e-01
5.970000000000004e-01	9.899970800000002e-01
5.980000000000004e-01	9.899970800000002e-01
5.990000000000004e-01	9.899970800000002e-01
6.000000000000004e-01	9.899970800000002e-01
6.010000000000004e-01	9.899970800000002e-01
6.020000000000004e-01	9.899970800000002e-01
6.030000000000004e-01	9.899970800000002e-01
6.040000000000004e-01	9.899970800000002e-01
6.050000000000004e-01	9.899970800000002e-01
6.060000000000004e-01	9.899970800000002e-01
6.070000000000004e-01	9.899970800000002e-01
6.080000000000004e-01	9.899970800000002e-01
6.090000000000004e-01	9.899970800000002e-01
6.100000000000004e-01	9.899970800000002e-01
6.110000000000004e-01	9.899970800000002e-01
6.120000000000004e-01	9.899970800000002e-01
6.130000000000004e-01	9.899970800000002e-01
6.140000000000004e-01	9.899970800000002e-01
6.150000000000004e-01	9.899970800000002e-01
6.160000000000004e-01	9.899970800000002e-01
6.170000000000004e-01	9.899970800000002e-01
6.180000000000004e-01	9.899970800000002e-01
6.190000000000004e-01	9.899970800000002e-01
6.200000000000004e-01	9.899970800000002e-01
6.210000000000004e-01	9.899970800000002e-01
6.220000000000004e-01	9.899970800000002e-01
6.230000000000004e-01	9.899970800000002e-01
6.240000000000004e-01	9.899970800000002e-01
6.250000000000004e-01	9.899970800000002e-01
6.260000000000004e-01	9.899970800000002e-01
6.270000000000004e-01	9.899970800000002e-01
6.280000000000004e-01	9.899970800000002e-01
6.290000000000004e-01	9.899970800000002e-01
6.300000000000004e-01	9.899970800000002e-01
6.310000000000004e-01	9.899970800000002e-01
6.320000000000005e-01	9.899970800000002e-01
6.330000000000005e-01	9.899970800000002e-01
6.340000000000005e-01	9.899970800000002e-01
6.350000000000005e-01	9.899970800000002e-01
6.360000000000005e-01	9.899970800000002e-01
6.370000000000005e-01	9.899970800000002e-01
6.380000000000005e-01	9.899970800000002e-01
6.390000000000005e-01	9.899970800000002e-01
6.400000000000005e-01	9.899970800000002e-01
6.410000000000005e-01	9.899970800000002e-01
6.420000000000005e-01	9.899970800000002e-01
6.430000000000005e-01	9.899970800000002e-01
6.440000000000005e-01	9.899970800000002e-01
6.450000000000005e-01	9.899970800000002e-01
6.460000000000005e-01	9.899970800000002e-01
6.470000000000005e-01	9.899970800000002e-01
6.480000000000005e-01	9.899970800000002e-01
6.490000000000005e-01	9.899970800000002e-01
6.500000000000005e-01	9.899970800000002e-01
6.510000000000005e-01	9.899970800000002e-01
6.520000000000005e-01	9.899970800000002e-01
6.530000000000005e-01	9.899970800000002e-01
6.540000000000005e-01	9.899970800000002e-01
6.550000000000005e-01	9.899970800000002e-01
6.560000000000005e-01	9.899970800000002e-01
6.570000000000005e-01	9.899970800000002e-01
6.580000000000005e-01	9.899970800000002e-01
6.590000000000005e-01	9.899970800000002e-01
6.600000000000005e-01	9.899970800000002e-01
6.610000000000005e-01	9.899970800000002e-01
6.620000000000005e-01	9.899970800000002e-01
6.630000000000005e-01	9.899970800000002e-01
6.640000000000005e-01	9.899970800000002e-01
6.650000000000005e-01	9.899970800000002e-01
6.660000000000005e-01	9.899970800000002e-01
6.670000000000005e-01	9.899970800000002e-01
6.680000000000005e-01	9.899970800000002e-01
6.690000000000005e-01	9.899970800000002e-01
6.700000000000005e-01	9.899970800000002e-01
6.710000000000005e-01	9.899970800000002e-01
6.720000000000005e-01	9.899970800000002e-01
6.730000000000005e-01	9.899970800000002e-01
6.740000000000005e-01	9.899970800000002e-01
6.750000000000005e-01	9.899970800000002e-01
6.760000000000005e-01	9.899970800000002e-01
6.770000000000005e-01	9.899970800000002e-01
6.780000000000005e-01	9.899970800000002e-01
6.790000000000005e-01	9.899970800000002e-01
6.800000000000005e-01	9.899970800000002e-01
6.810000000000005e-01	9.899970800000002e-01
6.820000000000005e-01	9.899970800000002e-01
6.830000000000005e-01	9.899970800000002e-01
6.840000000000005e-01	9.899970800000002e-01
6.850000000000005e-01	9.899970800000002e-01
6.860000000000005e-01	9.899970800000002e-01
6.870000000000005e-01	9.899970800000002e-01
6.880000000000005e-01	9.899970800000002e-01
6.890000000000005e-01	9.899970800000002e-01
6.900000000000005e-01	9.899970800000002e-01
6.910000000000005e-01	9.899970800000002e-01
6.920000000000005e-01	9.899970800000002e-01
6.930000000000005e-01	9.899970800000002e-01
6.940000000000005e-01	9.899970800000002e-01
6.950000000000005e-01	9.899970800000002e-01
6.960000000000005e-01	9.899970800000002e-01
6.970000000000005e-01	9.899970800000002e-01
6.980000000000005e-01	9.899970800000002e-01
6.990000000000005e-01	9.899970800000002e-01
7.000000000000005e-01	9.899970800000002e-01
7.010000000000005e-01	9.899970800000002e-01
7.020000000000005e-01	9.899970800000002e-01
7.030000000000005e-01	9.899970800000002e-01
7.040000000000005e-01	9.899970800000002e-01
7.050000000000005e-01	9.899970800000002e-01
7.060000000000005e-01	9.899970800000002e-01
7.070000000000005e-01	9.899970800000002e-01
7.080000000000005e-01	9.899970800000002e-01
7.090000000000005e-01	9.899970800000002e-01
7.100000000000005e-01	9.899970800000002e-01
7.110000000000005e-01	9.899970800000002e-01
7.120000000000005e-01	9.899970800000002e-01
7.130000000000005e-01	9.899970800000002e-01
7.140000000000005e-01	9.899970800000002e-01
7.150000000000005e-01	9.899970800000002e-01
7.160000000000005e-01	9.899970800000002e-01
7.170000000000005e-01	9.899970800000002e-01
7.180000000000005e-01	9.899970800000002e-01
7.190000000000005e-01	9.899970800000002e-01
7.200000000000005e-01	9.899970800000002e-01
7.210000000000005e-01	9.899970800000002e-01
7.220000000000005e-01	9.899970800000002e-01
7.230000000000005e-01	9.899970800000002e-01
7.240000000000005e-01	9.899970800000002e-01
7.250000000000005e-01	9.899970800000002e-01
7.260000000000005e-01	9.899970800000002e-01
7.270000000000005e-01	9.899970800000002e-01
7.280000000000005e-01	9.899970800000002e-01
7.290000000000005e-01	9.899970800000002e-01
7.300000000000005e-01	9.899970800000002e-01
7.310000000000005e-01	9.899970800000002e-01
7.320000000000005e-01	9.899970800000002e-01
7.330000000000005e-01	9.899970800000002e-01
7.340000000000005e-01	9.899970800000002e-01
7.350000000000005e-01	9.899970800000002e-01
7.360000000000005e-01	9.899970800000002e-01
7.370000000000005e-01	9.899970800000002e-01
7.380000000000005e-01	9.899970800000002e-01
7.390000000000005e-01	9.899970800000002e-01
7.400000000000005e-01	9.899970800000002e-01
7.410000000000005e-01	9.899970800000002e-01
7.420000000000005e-01	9.899970800000002e-01
7.430000000000005e-01	9.899970800000002e-01
7.440000000000005e-01	9.899970800000002e-01
7.450000000000006e-01	9.899970800000002e-01
7.460000000000006e-01	9.899970800000002e-01
7.470000000000006e-01	9.899970800000002e-01
7.480000000000006e-01	9.899970800000002e-01
7.490000000000006e-01	9.899970800000002e-01
7.500000000000006e-01	9.899970800000002e-01
7.510000000000006e-01	9.899970800000002e-01
7.520000000000006e-01	9.899970800000002e-01
7.530000000000006e-01	9.899970800000002e-01
7.540000000000006e-01	9.899970800000002e-01
7.550000000000006e-01	9.899970800000002e-01
7.560000000000006e-01	9.899970800000002e-01
7.570000000000006e-01	9.899970800000002e-01
7.580000000000006e-01	9.899970800000002e-01
7.590000000000006e-01	9.899970800000002e-01
7.600000000000006e-01	9.899970800000002e-01
7.610000000000006e-01	9.899970800000002e-01
7.620000000000006e-01	9.899970800000002e-01
7.630000000000006e-01	9.899970800000002e-01
7.640000000000006e-01	9.899970800000002e-01
7.650000000000006e-01	9.899970800000002e-01
7.660000000000006e-01	9.899970800000002e-01
7.670000000000006e-01	9.899970800000002e-01
7.680000000000006e-01	9.899970800000002e-01
7.690000000000006e-01	9.899970800000002e-01
7.700000000000006e-01	9.899970800000002e-01
7.710000000000006e-01	9.899970800000002e-01
7.720000000000006e-01	9.899970800000002e-01
7.730000000000006e-01	9.899970800000002e-01
7.740000000000006e-01	9.899970800000002e-01
7.750000000000006e-01	9.899970800000002e-01
7.760000000000006e-01	9.899970800000002e-01
7.770000000000006e-01	9.899970800000002e-01
7.780000000000006e-01	9.899970800000002e-01
7.790000000000006e-01	9.899970800000002e-01
7.800000000000006e-01	9.899970800000002e-01
7.810000000000006e-01	9.899970800000002e-01
7.820000000000006e-01	9.899970800000002e-01
7.830000000000006e-01	9.899970800000002e-01
7.840000000000006e-01	9.899970800000002e-01
7.850000000000006e-01	9.899970800000002e-01
7.860000000000006e-01	9.899970800000002e-01
7.870000000000006e-01	9.899970800000002e-01
7.880000000000006e-01	9.899970800000002e-01
7.890000000000006e-01	9.899970800000002e-01
7.900000000000006e-01	9.899970800000002e-01
7.910000000000006e-01	9.899970800000002e-01
7.920000000000006e-01	9.899970800000002e-01
7.930000000000006e-01	9.899970800000002e-01
7.940000000000006e-01	9.899970800000002e-01
7.950000000000006e-01	9.899970800000002e-01
7.960000000000006e-01	9.899970800000002e-01
7.970000000000006e-01	9.899970800000002e-01
7.980000000000006e-01	9.899970800000002e-01
7.990000000000006e-01	9.899970800000002e-01
8.000000000000006e-01	9.899970800000002e-01
8.010000000000006e-01	9.899970800000002e-01
8.020000000000006e-01	9.899970800000002e-01
8.030000000000006e-01	9.899970800000002e-01
8.040000000000006e-01	9.899970800000002e-01
8.050000000000006e-01	9.899970800000002e-01
8.060000000000006e-01	9.899970800000002e-01
8.070000000000006e-01	9.899970800000002e-01
8.080000000000006e-01	9.899970800000002e-01
8.090000000000006e-01	9.899970800000002e-01
8.100000000000006e-01	9.899970800000002e-01
8.110000000000006e-01	9.899970800000002e-01
8.120000000000006e-01	9.899970800000002e-01
8.130000000000006e-01	9.899970800000002e-01
8.140000000000006e-01	9.899970800000002e-01
8.150000000000006e-01	9.899970800000002e-01
8.160000000000006e-01	9.899970800000002e-01
8.170000000000006e-01	9.899970800000002e-01
8.180000000000006e-01	9.899970800000002e-01
8.190000000000006e-01	9.899970800000002e-01
8.200000000000006e-01	9.899970800000002e-01
8.210000000000006e-01	9.899970800000002e-01
8.220000000000006e-01	9.899970800000002e-01
8.230000000000006e-01	9.899970800000002e-01
8.240000000000006e-01	9.899970800000002e-01
8.250000000000006e-01	9.899970800000002e-01
8.260000000000006e-01	9.899970800000002e-01
8.270000000000006e-01	9.899970800000002e-01
8.280000000000006e-01	9.899970800000002e-01
8.290000000000006e-01	9.899970800000002e-01
8.300000000000006e-01	9.899970800000002e-01
8.310000000000006e-01	9.899970800000002e-01
8.320000000000006e-01	9.899970800000002e-01
8.330000000000006e-01	9.899970800000002e-01
8.340000000000006e-01	9.899970800000002e-01
8.350000000000006e-01	9.899970800000002e-01
8.360000000000006e-01	9.899970800000002e-01
8.370000000000006e-01	9.899970800000002e-01
8.380000000000006e-01	9.899970800000002e-01
8.390000000000006e-01	9.899970800000002e-01
8.400000000000006e-01	9.899970800000002e-01
8.410000000000006e-01	9.899970800000002e-01
8.420000000000006e-01	9.899970800000002e-01
8.430000000000006e-01	9.899970800000002e-01
8.440000000000006e-01	9.899970800000002e-01
8.450000000000006e-01	9.899970800000002e-01
8.460000000000006e-01	9.899970800000002e-01
8.470000000000006e-01	9.899970800000002e-01
8.480000000000006e-01	9.899970800000002e-01
8.490000000000006e-01	9.899970800000002e-01
8.500000000000006e-01	9.899970800000002e-01
8.510000000000006e-01	9.899970800000002e-01
8.520000000000006e-01	9.899970800000002e-01
8.530000000000006e-01	9.899970800000002e-01
8.540000000000006e-01	9.899970800000002e-01
8.550000000000006e-01	9.899970800000002e-01
8.560000000000006e-01	9.899970800000002e-01
8.570000000000007e-01	9.899970800000002e-01
8.580000000000007e-01	9.899970800000002e-01
8.590000000000007e-01	9.899970800000002e-01
8.600000000000007e-01	9.899970800000002e-01
8.610000000000007e-01	9.899970800000002e-01
8.620000000000007e-01	9.899970800000002e-01
8.630000000000007e-01	9.899970800000002e-01
8.640000000000007e-01	9.899970800000002e-01
8.650000000000007e-01	9.899970800000002e-01
8.660000000000007e-01	9.899970800000002e-01
8.670000000000007e-01	9.899970800000002e-01
8.680000000000007e-01	9.899970800000002e-01
8.690000000000007e-01	9.899970800000002e-01
8.700000000000007e-01	9.899970800000002e-01
8.710000000000007e-01	9.899970800000002e-01
8.720000000000007e-01	9.899970800000002e-01
8.730000000000007e-01	9.899970800000002e-01
8.740000000000007e-01	9.899970800000002e-01
8.750000000000007e-01	9.899970800000002e-01
8.760000000000007e-01	9.899970800000002e-01
8.770000000000007e-01	9.899970800000002e-01
8.780000000000007e-01	9.899970800000002e-01
8.790000000000007e-01	9.899970800000002e-01
8.800000000000007e-01	9.899970800000002e-01
8.810000000000007e-01	9.899970800000002e-01
8.820000000000007e-01	9.899970800000002e-01
8.830000000000007e-01	9.899970800000002e-01
8.840000000000007e-01	9.899970800000002e-01
8.850000000000007e-01	9.899970800000002e-01
8.860000000000007e-01	9.899970800000002e-01
8.870000000000007e-01	9.899970800000002e-01
8.880000000000007e-01	9.899970800000002e-01
8.890000000000007e-01	9.899970800000002e-01
8.900000000000007e-01	9.899970800000002e-01
8.910000000000007e-01	9.899970800000002e-01
8.920000000000007e-01	9.899970800000002e-01
8.930000000000007e-01	9.899970800000002e-01
8.940000000000007e-01	9.899970800000002e-01
8.950000000000007e-01	9.899970800000002e-01
8.960000000000007e-01	9.899970800000002e-01
8.970000000000007e-01	9.899970800000002e-01
8.980000000000007e-01	9.899970800000002e-01
8.990000000000007e-01	9.899970800000002e-01
9.000000000000007e-01	9.899970800000002e-01
9.010000000000007e-01	9.899970800000002e-01
9.020000000000007e-01	9.899970800000002e-01
9.030000000000007e-01	9.899970800000002e-01
9.040000000000007e-01	9.899970800000002e-01
9.050000000000007e-01	9.899970800000002e-01
9.060000000000007e-01	9.899970800000002e-01
9.070000000000007e-01	9.899970800000002e-01
9.080000000000007e-01	9.899970800000002e-01
9.090000000000007e-01	9.899970800000002e-01
9.100000000000007e-01	9.899970800000002e-01
9.110000000000007e-01	9.899970800000002e-01
9.120000000000007e-01	9.899970800000002e-01
9.130000000000007e-01	9.899970800000002e-01
9.140000000000007e-01	9.899970800000002e-01
9.150000000000007e-01	9.899970800000002e-01
9.160000000000007e-01	9.899970800000002e-01
9.170000000000007e-01	9.899970800000002e-01
9.180000000000007e-01	9.899970800000002e-01
9.190000000000007e-01	9.899970800000002e-01
9.200000000000007e-01	9.899970800000002e-01
9.210000000000007e-01	9.899970800000002e-01
9.220000000000007e-01	9.899970800000002e-01
9.230000000000007e-01	9.899970800000002e-01
9.240000000000007e-01	9.899970800000002e-01
9.250000000000007e-01	9.899970800000002e-01
9.260000000000007e-01	9.899970800000002e-01
9.270000000000007e-01	9.899970800000002e-01
9.280000000000007e-01	9.899970800000002e-01
9.290000000000007e-01	9.899970800000002e-01
9.300000000000007e-01	9.899970800000002e-01
9.310000000000007e-01	9.899970800000002e-01
9.320000000000007e-01	9.899970800000002e-01
9.330000000000007e-01	9.899970800000002e-01
9.340000000000007e-01	9.899970800000002e-01
9.350000000000007e-01	9.899970800000002e-01
9.360000000000007e-01	9.899970800000002e-01
9.370000000000007e-01	9.899970800000002e-01
9.380000000000007e-01	9.899970800000002e-01
9.390000000000007e-01	9.899970800000002e-01
9.400000000000007e-01	9.899970800000002e-01
9.410000000000007e-01	9.899970800000002e-01
9.420000000000007e-01	9.899970800000002e-01
9.430000000000007e-01	9.899970800000002e-01
9.440000000000007e-01	9.899970800000002e-01
9.450000000000007e-01	9.899970800000002e-01
9.460000000000007e-01	9.899970800000002e-01
9.470000000000007e-01	9.899970800000002e-01
9.480000000000007e-01	9.899970800000002e-01
9.490000000000007e-01	9.899970800000002e-01
9.500000000000007e-01	9.899970800000002e-01
9.510000000000007e-01	9.899970800000002e-01
9.520000000000007e-01	9.899970800000002e-01
9.530000000000007e-01	9.899970800000002e-01
9.540000000000007e-01	9.899970800000002e-01
9.550000000000007e-01	9.899970800000002e-01
9.560000000000007e-01	9.899970800000002e-01
9.570000000000007e-01	9.899970800000002e-01
9.580000000000007e-01	9.899970800000002e-01
9.590000000000007e-01	9.899970800000002e-01
9.600000000000007e-01	9.899970800000002e-01
9.610000000000007e-01	9.899970800000002e-01
9.620000000000007e-01	9.899970800000002e-01
9.630000000000007e-01	9.899970800000002e-01
9.640000000000007e-01	9.899970800000002e-01
9.650000000000007e-01	9.899970800000002e-01
9.660000000000007e-01	9.899970800000002e-01
9.670000000000007e-01	9.899970800000002e-01
9.680000000000007e-01	9.899970800000002e-01
9.690000000000007e-01	9.899970800000002e-01
9.700000000000008e-01	9.899970800000002e-01
9.710000000000008e-01	9.899970800000002e-01
9.720000000000008e-01	9.899970800000002e-01
9.730000000000008e-01	9.899970800000002e-01
9.740000000000008e-01	9.899970800000002e-01
9.750000000000008e-01	9.899970800000002e-01
9.760000000000008e-01	9.899970800000002e-01
9.770000000000008e-01	9.899970800000002e-01
9.780000000000008e-01	9.899970800000002e-01
9.790000000000008e-01	9.899970800000002e-01
9.800000000000008e-01	9.899970800000002e-01
9.810000000000008e-01	9.899970800000002e-01
9.820000000000008e-01	9.899970800000002e-01
9.830000000000008e-01	9.899970800000002e-01
9.840000000000008e-01	9.899970800000002e-01
9.850000000000008e-01	9.899970800000002e-01
9.860000000000008e-01	9.899970800000002e-01
9.870000000000008e-01	9.899970800000002e-01
9.880000000000008e-01	9.899970800000002e-01
9.890000000000008e-01	9.899970800000002e-01
9.900000000000008e-01	9.899970800000002e-01
9.910000000000008e-01	9.899970800000002e-01
9.920000000000008e-01	9.899970800000002e-01
9.930000000000008e-01	9.899970800000002e-01
9.940000000000008e-01	9.899970800000002e-01
9.950000000000008e-01	9.899970800000002e-01
9.960000000000008e-01	9.899970800000002e-01
9.970000000000008e-01	9.899970800000002e-01
9.980000000000008e-01	9.899970800000002e-01
9.990000000000008e-01	9.899970800000002e-01
1.000000000000001e+00	9.899970800000002e-01
1.001000000000001e+00	9.899970800000002e-01
1.002000000000000e+00	9.899970800000002e-01
1.003000000000000e+00	9.899970800000002e-01
1.004000000000000e+00	9.899970800000002e-01
1.005000000000000e+00	9.899970800000002e-01
1.006000000000000e+00	9.899970800000002e-01
1.007000000000000e+00	9.899970800000002e-01
1.008000000000000e+00	9.899970800000002e-01
1.009000000000000e+00	9.899970800000002e-01
1.010000000000000e+00	9.899970800000002e-01
1.010999999999999e+00	9.899970800000002e-01
1.011999999999999e+00	9.899970800000002e-01
1.012999999999999e+00	9.899970800000002e-01
1.013999999999999e+00	9.899970800000002e-01
1.014999999999999e+00	9.899970800000002e-01
1.015999999999999e+00	9.899970800000002e-01
1.016999999999999e+00	9.899970800000002e-01
1.017999999999999e+00	9.899970800000002e-01
1.018999999999999e+00	9.899970800000002e-01
1.019999999999998e+00	9.899970800000002e-01
1.020999999999998e+00	9.899970800000002e-01
1.021999999999998e+00	9.899970800000002e-01
1.022999999999998e+00	9.899970800000002e-01
1.023999999999998e+00	9.899970800000002e-01
1.024999999999998e+00	9.899970800000002e-01
1.025999999999998e+00	9.899970800000002e-01
1.026999999999998e+00	9.899970800000002e-01
1.027999999999998e+00	9.899970800000002e-01
1.028999999999997e+00	9.899970800000002e-01
1.029999999999997e+00	9.899970800000002e-01
1.030999999999997e+00	9.899970800000002e-01
1.031999999999997e+00	9.899970800000002e-01
1.032999999999997e+00	9.899970800000002e-01
1.033999999999997e+00	9.899970800000002e-01
1.034999999999997e+00	9.899970800000002e-01
1.035999999999997e+00	9.899970800000002e-01
1.036999999999997e+00	9.899970800000002e-01
1.037999999999996e+00	9.899970800000002e-01
1.038999999999996e+00	9.899970800000002e-01
1.039999999999996e+00	9.899970800000002e-01
1.040999999999996e+00	9.899970800000002e-01
1.041999999999996e+00	9.899970800000002e-01
1.042999999999996e+00	9.899970800000002e-01
1.043999999999996e+00	9.899970800000002e-01
1.044999999999996e+00	9.899970800000002e-01
1.045999999999996e+00	9.899970800000002e-01
1.046999999999995e+00	9.899970800000002e-01
1.047999999999995e+00	9.899970800000002e-01
1.048999999999995e+00	9.899970800000002e-01
1.049999999999995e+00	9.899970800000002e-01
1.050999999999995e+00	9.899970800000002e-01
1.051999999999995e+00	9.899970800000002e-01
1.052999999999995e+00	9.899970800000002e-01
1.053999999999995e+00	9.899970800000002e-01
1.054999999999995e+00	9.899970800000002e-01
1.055999999999994e+00	9.899970800000002e-01
1.056999999999994e+00	9.899970800000002e-01
1.057999999999994e+00	9.899970800000002e-01
1.058999999999994e+00	9.899970800000002e-01
1.059999999999994e+00	9.899970800000002e-01
1.060999999999994e+00	9.899970800000002e-01
1.061999999999994e+00	9.899970800000002e-01
1.062999999999994e+00	9.899970800000002e-01
1.063999999999994e+00	9.899970800000002e-01
1.064999999999994e+00	9.899970800000002e-01
1.065999999999993e+00	9.899970800000002e-01
1.066999999999993e+00	9.899970800000002e-01
1.067999999999993e+00	9.899970800000002e-01
1.068999999999993e+00	9.899970800000002e-01
1.069999999999993e+00	9.899970800000002e-01
1.070999999999993e+00	9.899970800000002e-01
1.071999999999993e+00	9.899970800000002e-01
1.072999999999993e+00	9.899970800000002e-01
1.073999999999993e+00	9.899970800000002e-01
1.074999999999992e+00	9.899970800000002e-01
1.075999999999992e+00	9.899970800000002e-01
1.076999999999992e+00	9.899970800000002e-01
1.077999999999992e+00	9.899970800000002e-01
1.078999999999992e+00	9.899970800000002e-01
1.079999999999992e+00	9.899970800000002e-01
1.080999999999992e+00	9.899970800000002e-01
1.081999999999992e+00	9.899970800000002e-01
1.082999999999992e+00	9.899970800000002e-01
1.083999999999991e+00	9.899970800000002e-01
1.084999999999991e+00	9.899970800000002e-01
1.085999999999991e+00	9.899970800000002e-01
1.086999999999991e+00	9.899970800000002e-01
1.087999999999991e+00	9.899970800000002e-01
1.088999999999991e+00	9.899970800000002e-01
1.089999999999991e+00	9.899970800000002e-01
1.090999999999991e+00	9.899970800000002e-01
1.091999999999991e+00	9.899970800000002e-01
1.092999999999990e+00	9.899970800000002e-01
1.093999999999990e+00	9.899970800000002e-01
1.094999999999990e+00	9.899970800000002e-01
1.095999999999990e+00	9.899970800000002e-01
1.096999999999990e+00	9.899970800000002e-01
1.097999999999990e+00	9.899970800000002e-01
1.098999999999990e+00	9.899970800000002e-01
1.099999999999990e+00	9.899970800000002e-01
1.100999999999990e+00	9.899970800000002e-01
1.101999999999989e+00	9.899970800000002e-01
1.102999999999989e+00	9.899970800000002e-01
1.103999999999989e+00	9.899970800000002e-01
1.104999999999989e+00	9.899970800000002e-01
1.105999999999989e+00	9.899970800000002e-01
1.106999999999989e+00	9.899970800000002e-01
1.107999999999989e+00	9.899970800000002e-01
1.108999999999989e+00	9.899970800000002e-01
1.109999999999989e+00	9.899970800000002e-01
1.110999999999988e+00	9.899970800000002e-01
1.111999999999988e+00	9.899970800000002e-01
1.112999999999988e+00	9.899970800000002e-01
1.113999999999988e+00	9.899970800000002e-01
1.114999999999988e+00	9.899970800000002e-01
1.115999999999988e+00	9.899970800000002e-01
1.116999999999988e+00	9.899970800000002e-01
1.117999999999988e+00	9.899970800000002e-01
1.118999999999988e+00	9.899970800000002e-01
1.119999999999987e+00	9.899970800000002e-01
1.120999999999987e+00	9.899970800000002e-01
1.121999999999987e+00	9.899970800000002e-01
1.122999999999987e+00	9.899970800000002e-01
1.123999999999987e+00	9.899970800000002e-01
1.124999999999987e+00	9.899970800000002e-01
1.125999999999987e+00	9.899970800000002e-01
1.126999999999987e+00	9.899970800000002e-01
1.127999999999987e+00	9.899970800000002e-01
1.128999999999986e+00	9.899970800000002e-01
1.129999999999986e+00	9.899970800000002e-01
1.130999999999986e+00	9.899970800000002e-01
1.131999999999986e+00	9.899970800000002e-01
1.132999999999986e+00	9.899970800000002e-01
1.133999999999986e+00	9.899970800000002e-01
1.134999999999986e+00	9.899970800000002e-01
1.135999999999986e+00	9.899970800000002e-01
1.136999999999986e+00	9.899970800000002e-01
1.137999999999985e+00	9.899970800000002e-01
1.138999999999985e+00	9.899970800000002e-01
1.139999999999985e+00	9.899970800000002e-01
1.140999999999985e+00	9.899970800000002e-01
1.141999999999985e+00	9.899970800000002e-01
1.142999999999985e+00	9.899970800000002e-01
1.143999999999985e+00	9.899970800000002e-01
1.144999999999985e+00	9.899970800000002e-01
1.145999999999985e+00	9.899970800000002e-01
1.146999999999984e+00	9.899970800000002e-01
1.147999999999984e+00	9.899970800000002e-01
1.148999999999984e+00	9.899970800000002e-01
1.149999999999984e+00	9.899970800000002e-01
1.150999999999984e+00	9.899970800000002e-01
1.151999999999984e+00	9.899970800000002e-01
1.152999999999984e+00	9.899970800000002e-01
1.153999999999984e+00	9.899970800000002e-01
1.154999999999984e+00	9.899970800000002e-01
1.155999999999983e+00	9.899970800000002e-01
1.156999999999983e+00	9.899970800000002e-01
1.157999999999983e+00	9.899970800000002e-01
1.158999999999983e+00	9.899970800000002e-01
1.159999999999983e+00	9.899970800000002e-01
1.160999999999983e+00	9.899970800000002e-01
1.161999999999983e+00	9.899970800000002e-01
1.162999999999983e+00	9.899970800000002e-01
1.163999999999983e+00	9.899970800000002e-01
1.164999999999982e+00	9.899970800000002e-01
1.165999999999982e+00	9.899970800000002e-01
1.166999999999982e+00	9.899970800000002e-01
1.167999999999982e+00	9.899970800000002e-01
1.168999999999982e+00	9.899970800000002e-01
1.169999999999982e+00	9.899970800000002e-01
1.170999999999982e+00	9.899970800000002e-01
1.171999999999982e+00	9.899970800000002e-01
1.172999999999982e+00	9.899970800000002e-01
1.173999999999982e+00	9.899970800000002e-01
1.174999999999981e+00	9.899970800000002e-01
1.175999999999981e+00	9.899970800000002e-01
1.176999999999981e+00	9.899970800000002e-01
1.177999999999981e+00	9.899970800000002e-01
1.178999999999981e+00	9.899970800000002e-01
1.179999999999981e+00	9.899970800000002e-01
1.180999999999981e+00	9.899970800000002e-01
1.181999999999981e+00	9.899970800000002e-01
1.182999999999981e+00	9.899970800000002e-01
1.183999999999980e+00	9.899970800000002e-01
1.184999999999980e+00	9.899970800000002e-01
1.185999999999980e+00	9.899970800000002e-01
1.186999999999980e+00	9.899970800000002e-01
1.187999999999980e+00	9.899970800000002e-01
1.188999999999980e+00	9.899970800000002e-01
1.189999999999980e+00	9.899970800000002e-01
1.190999999999980e+00	9.899970800000002e-01
1.191999999999980e+00	9.899970800000002e-01
1.192999999999979e+00	9.899970800000002e-01
1.193999999999979e+00	9.899970800000002e-01
1.194999999999979e+00	9.899970800000002e-01
1.195999999999979e+00	9.899970800000002e-01
1.196999999999979e+00	9.899970800000002e-01
1.197999999999979e+00	9.899970800000002e-01
1.198999999999979e+00	9.899970800000002e-01
1.199999999999979e+00	9.899970800000002e-01
1.200999999999979e+00	9.899970800000002e-01
1.201999999999978e+00	9.899970800000002e-01
1.202999999999978e+00	9.899970800000002e-01
1.203999999999978e+00	9.899970800000002e-01
1.204999999999978e+00	9.899970800000002e-01
1.205999999999978e+00	9.899970800000002e-01
1.206999999999978e+00	9.899970800000002e-01
1.207999999999978e+00	9.899970800000002e-01
1.208999999999978e+00	9.899970800000002e-01
1.209999999999978e+00	9.899970800000002e-01
1.210999999999977e+00	9.899970800000002e-01
1.211999999999977e+00	9.899970800000002e-01
1.212999999999977e+00	9.899970800000002e-01
1.213999999999977e+00	9.899970800000002e-01
1.214999999999977e+00	9.899970800000002e-01
1.215999999999977e+00	9.899970800000002e-01
1.216999999999977e+00	9.899970800000002e-01
1.217999999999977e+00	9.899970800000002e-01
1.218999999999977e+00	9.899970800000002e-01
1.219999999999976e+00	9.899970800000002e-01
1.220999999999976e+00	9.899970800000002e-01
1.221999999999976e+00	9.899970800000002e-01
1.222999999999976e+00	9.899970800000002e-01
1.223999999999976e+00	9.899970800000002e-01
1.224999999999976e+00	9.899970800000002e-01
1.225999999999976e+00	9.899970800000002e-01
1.226999999999976e+00	9.899970800000002e-01
1.227999999999976e+00	9.899970800000002e-01
1.228999999999975e+00	9.899970800000002e-01
1.229999999999975e+00	9.899970800000002e-01
1.230999999999975e+00	9.899970800000002e-01
1.231999999999975e+00	9.899970800000002e-01
1.232999999999975e+00	9.899970800000002e-01
1.233999999999975e+00	9.899970800000002e-01
1.234999999999975e+00	9.899970800000002e-01
1.235999999999975e+00	9.899970800000002e-01
1.236999999999975e+00	9.899970800000002e-01
1.237999999999974e+00	9.899970800000002e-01
1.238999999999974e+00	9.899970800000002e-01
1.239999999999974e+00	9.899970800000002e-01
1.240999999999974e+00	9.899970800000002e-01
1.241999999999974e+00	9.899970800000002e-01
1.242999999999974e+00	9.899970800000002e-01
1.243999999999974e+00	9.899970800000002e-01
1.244999999999974e+00	9.899970800000002e-01
1.245999999999974e+00	9.899970800000002e-01
1.246999999999973e+00	9.899970800000002e-01
1.247999999999973e+00	9.899970800000002e-01
1.248999999999973e+00	9.899970800000002e-01
1.249999999999973e+00	9.899970800000002e-01
1.250999999999973e+00	9.899970800000002e-01
1.251999999999973e+00	9.899970800000002e-01
1.252999999999973e+00	9.899970800000002e-01
1.253999999999973e+00	9.899970800000002e-01
1.254999999999973e+00	9.899970800000002e-01
1.255999999999972e+00	9.899970800000002e-01
1.256999999999972e+00	9.899970800000002e-01
1.257999999999972e+00	9.899970800000002e-01
1.258999999999972e+00	9.899970800000002e-01
1.259999999999972e+00	9.899970800000002e-01
1.260999999999972e+00	9.899970800000002e-01
1.261999999999972e+00	9.899970800000002e-01
1.262999999999972e+00	9.899970800000002e-01
1.263999999999972e+00	9.899970800000002e-01
1.264999999999971e+00	9.899970800000002e-01
1.265999999999971e+00	9.899970800000002e-01
1.266999999999971e+00	9.899970800000002e-01
1.267999999999971e+00	9.899970800000002e-01
1.268999999999971e+00	9.899970800000002e-01
1.269999999999971e+00	9.899970800000002e-01
1.270999999999971e+00	9.899970800000002e-01
1.271999999999971e+00	9.899970800000002e-01
1.272999999999971e+00	9.899970800000002e-01
1.273999999999970e+00	9.899970800000002e-01
1.274999999999970e+00	9.899970800000002e-01
1.275999999999970e+00	9.899970800000002e-01
1.276999999999970e+00	9.899970800000002e-01
1.277999999999970e+00	9.899970800000002e-01
1.278999999999970e+00	9.899970800000002e-01
1.279999999999970e+00	9.899970800000002e-01
1.280999999999970e+00	9.899970800000002e-01
1.281999999999970e+00	9.899970800000002e-01
1.282999999999969e+00	9.899970800000002e-01
1.283999999999969e+00	9.899970800000002e-01
1.284999999999969e+00	9.899970800000002e-01
1.285999999999969e+00	9.899970800000002e-01
1.286999999999969e+00	9.899970800000002e-01
1.287999999999969e+00	9.899970800000002e-01
1.288999999999969e+00	9.899970800000002e-01
1.289999999999969e+00	9.899970800000002e-01
1.290999999999969e+00	9.899970800000002e-01
1.291999999999969e+00	9.899970800000002e-01
1.292999999999968e+00	9.899970800000002e-01
1.293999999999968e+00	9.899970800000002e-01
1.294999999999968e+00	9.899970800000002e-01
1.295999999999968e+00	9.899970800000002e-01
1.296999999999968e+00	9.899970800000002e-01
1.297999999999968e+00	9.899970800000002e-01
1.298999999999968e+00	9.899970800000002e-01
1.299999999999968e+00	9.899970800000002e-01
1.300999999999968e+00	9.899970800000002e-01
1.301999999999967e+00	9.899970800000002e-01
1.302999999999967e+00	9.899970800000002e-01
1.303999999999967e+00	9.899970800000002e-01
1.304999999999967e+00	9.899970800000002e-01
1.305999999999967e+00	9.899970800000002e-01
1.306999999999967e+00	9.899970800000002e-01
1.307999999999967e+00	9.899970800000002e-01
1.308999999999967e+00	9.899970800000002e-01
1.309999999999967e+00	9.899970800000002e-01
1.310999999999966e+00	9.899970800000002e-01
1.311999999999966e+00	9.899970800000002e-01
1.312999999999966e+00	9.899970800000002e-01
1.313999999999966e+00	9.899970800000002e-01
1.314999999999966e+00	9.899970800000002e-01
1.315999999999966e+00	9.899970800000002e-01
1.316999999999966e+00	9.899970800000002e-01
1.317999999999966e+00	9.899970800000002e-01
1.318999999999966e+00	9.899970800000002e-01
1.319999999999965e+00	9.899970800000002e-01
1.320999999999965e+00	9.899970800000002e-01
1.321999999999965e+00	9.899970800000002e-01
1.322999999999965e+00	9.899970800000002e-01
1.323999999999965e+00	9.899970800000002e-01
1.324999999999965e+00	9.899970800000002e-01
1.325999999999965e+00	9.899970800000002e-01
1.326999999999965e+00	9.899970800000002e-01
1.327999999999965e+00	9.899970800000002e-01
1.328999999999964e+00	9.899970800000002e-01
1.329999999999964e+00	9.899970800000002e-01
1.330999999999964e+00	9.899970800000002e-01
1.331999999999964e+00	9.899970800000002e-01
1.332999999999964e+00	9.899970800000002e-01
1.333999999999964e+00	9.899970800000002e-01
1.334999999999964e+00	9.899970800000002e-01
1.335999999999964e+00	9.899970800000002e-01
1.336999999999964e+00	9.899970800000002e-01
1.337999999999963e+00	9.899970800000002e-01
1.338999999999963e+00	9.899970800000002e-01
1.339999999999963e+00	9.899970800000002e-01
1.340999999999963e+00	9.899970800000002e-01
1.341999999999963e+00	9.899970800000002e-01
1.342999999999963e+00	9.899970800000002e-01
1.343999999999963e+00	9.899970800000002e-01
1.344999999999963e+00	9.899970800000002e-01
1.345999999999963e+00	9.899970800000002e-01
1.346999999999962e+00	9.899970800000002e-01
1.347999999999962e+00	9.899970800000002e-01
1.348999999999962e+00	9.899970800000002e-01
1.349999999999962e+00	9.899970800000002e-01
1.350999999999962e+00	9.899970800000002e-01
1.351999999999962e+00	9.899970800000002e-01
1.352999999999962e+00	9.899970800000002e-01
1.353999999999962e+00	9.899970800000002e-01
1.354999999999962e+00	9.899970800000002e-01
1.355999999999961e+00	9.899970800000002e-01
1.356999999999961e+00	9.899970800000002e-01
1.357999999999961e+00	9.899970800000002e-01
1.358999999999961e+00	9.899970800000002e-01
1.359999999999961e+00	9.899970800000002e-01
1.360999999999961e+00	9.899970800000002e-01
1.361999999999961e+00	9.899970800000002e-01
1.362999999999961e+00	9.899970800000002e-01
1.363999999999961e+00	9.899970800000002e-01
1.364999999999960e+00	9.899970800000002e-01
1.365999999999960e+00	9.899970800000002e-01
1.366999999999960e+00	9.899970800000002e-01
1.367999999999960e+00	9.899970800000002e-01
1.368999999999960e+00	9.899970800000002e-01
1.369999999999960e+00	9.899970800000002e-01
1.370999999999960e+00	9.899970800000002e-01
1.371999999999960e+00	9.899970800000002e-01
1.372999999999960e+00	9.899970800000002e-01
1.373999999999959e+00	9.899970800000002e-01
1.374999999999959e+00	9.899970800000002e-01
1.375999999999959e+00	9.899970800000002e-01
1.376999999999959e+00	9.899970800000002e-01
1.377999999999959e+00	9.899970800000002e-01
1.378999999999959e+00	9.899970800000002e-01
1.379999999999959e+00	9.899970800000002e-01
1.380999999999959e+00	9.899970800000002e-01
1.381999999999959e+00	9.899970800000002e-01
1.382999999999958e+00	9.899970800000002e-01
1.383999999999958e+00	9.899970800000002e-01
1.384999999999958e+00	9.899970800000002e-01
1.385999999999958e+00	9.899970800000002e-01
1.386999999999958e+00	9.899970800000002e-01
1.387999999999958e+00	9.899970800000002e-01
1.388999999999958e+00	9.899970800000002e-01
1.389999999999958e+00	9.899970800000002e-01
1.390999999999958e+00	9.899970800000002e-01
1.391999999999957e+00	9.899970800000002e-01
1.392999999999957e+00	9.899970800000002e-01
1.393999999999957e+00	9.899970800000002e-01
1.394999999999957e+00	9.899970800000002e-01
1.395999999999957e+00	9.899970800000002e-01
1.396999999999957e+00	9.899970800000002e-01
1.397999999999957e+00	9.899970800000002e-01
1.398999999999957e+00	9.899970800000002e-01
1.399999999999957e+00	9.899970800000002e-01
1.400999999999957e+00	9.899970800000002e-01
1.401999999999956e+00	9.899970800000002e-01
1.402999999999956e+00	9.899970800000002e-01
1.403999999999956e+00	9.899970800000002e-01
1.404999999999956e+00	9.899970800000002e-01
1.405999999999956e+00	9.899970800000002e-01
1.406999999999956e+00	9.899970800000002e-01
1.407999999999956e+00	9.899970800000002e-01
1.408999999999956e+00	9.899970800000002e-01
1.409999999999956e+00	9.899970800000002e-01
1.410999999999955e+00	9.899970800000002e-01
1.411999999999955e+00	9.899970800000002e-01
1.412999999999955e+00	9.899970800000002e-01
1.413999999999955e+00	9.899970800000002e-01
1.414999999999955e+00	9.899970800000002e-01
1.415999999999955e+00	9.899970800000002e-01
1.416999999999955e+00	9.899970800000002e-01
1.417999999999955e+00	9.899970800000002e-01
1.418999999999955e+00	9.899970800000002e-01
1.419999999999954e+00	9.899970800000002e-01
1.420999999999954e+00	9.899970800000002e-01
1.421999999999954e+00	9.899970800000002e-01
1.422999999999954e+00	9.899970800000002e-01
1.423999999999954e+00	9.899970800000002e-01
1.424999999999954e+00	9.899970800000002e-01
1.425999999999954e+00	9.899970800000002e-01
1.426999999999954e+00	9.899970800000002e-01
1.427999999999954e+00	9.899970800000002e-01
1.428999999999953e+00	9.899970800000002e-01
1.429999999999953e+00	9.899970800000002e-01
1.430999999999953e+00	9.899970800000002e-01
1.431999999999953e+00	9.899970800000002e-01
1.432999999999953e+00	9.899970800000002e-01
1.433999999999953e+00	9.899970800000002e-01
1.434999999999953e+00	9.899970800000002e-01
1.435999999999953e+00	9.899970800000002e-01
1.436999999999953e+00	9.899970800000002e-01
1.437999999999952e+00	9.899970800000002e-01
1.438999999999952e+00	9.899970800000002e-01
1.439999999999952e+00	9.899970800000002e-01
1.440999999999952e+00	9.899970800000002e-01
1.441999999999952e+00	9.899970800000002e-01
1.442999999999952e+00	9.899970800000002e-01
1.443999999999952e+00	9.899970800000002e-01
1.444999999999952e+00	9.899970800000002e-01
1.445999999999952e+00	9.899970800000002e-01
1.446999999999951e+00	9.899970800000002e-01
1.447999999999951e+00	9.899970800000002e-01
1.448999999999951e+00	9.899970800000002e-01
1.449999999999951e+00	9.899970800000002e-01
1.450999999999951e+00	9.899970800000002e-01
1.451999999999951e+00	9.899970800000002e-01
1.452999999999951e+00	9.899970800000002e-01
1.453999999999951e+00	9.899970800000002e-01
1.454999999999951e+00	9.899970800000002e-01
1.455999999999950e+00	9.899970800000002e-01
1.456999999999950e+00	9.899970800000002e-01
1.457999999999950e+00	9.899970800000002e-01
1.458999999999950e+00	9.899970800000002e-01
1.459999999999950e+00	9.899970800000002e-01
1.460999999999950e+00	9.899970800000002e-01
1.461999999999950e+00	9.899970800000002e-01
1.462999999999950e+00	9.899970800000002e-01
1.463999999999950e+00	9.899970800000002e-01
1.464999999999949e+00	9.899970800000002e-01
1.465999999999949e+00	9.899970800000002e-01
1.466999999999949e+00	9.899970800000002e-01
1.467999999999949e+00	9.899970800000002e-01
1.468999999999949e+00	9.899970800000002e-01
1.469999999999949e+00	9.899970800000002e-01
1.470999999999949e+00	9.899970800000002e-01
1.471999999999949e+00	9.899970800000002e-01
1.472999999999949e+00	9.899970800000002e-01
1.473999999999948e+00	9.899970800000002e-01
1.474999999999948e+00	9.899970800000002e-01
1.475999999999948e+00	9.899970800000002e-01
1.476999999999948e+00	9.899970800000002e-01
1.477999999999948e+00	9.899970800000002e-01
1.478999999999948e+00	9.899970800000002e-01
1.479999999999948e+00	9.899970800000002e-01
1.480999999999948e+00	9.899970800000002e-01
1.481999999999948e+00	9.899970800000002e-01
1.482999999999947e+00	9.899970800000002e-01
1.483999999999947e+00	9.899970800000002e-01
1.484999999999947e+00	9.899970800000002e-01
1.485999999999947e+00	9.899970800000002e-01
1.486999999999947e+00	9.899970800000002e-01
1.487999999999947e+00	9.899970800000002e-01
1.488999999999947e+00	9.899970800000002e-01
1.489999999999947e+00	9.899970800000002e-01
1.490999999999947e+00	9.899970800000002e-01
1.491999999999946e+00	9.899970800000002e-01
1.492999999999946e+00	9.899970800000002e-01
1.493999999999946e+00	9.899970800000002e-01
1.494999999999946e+00	9.899970800000002e-01
1.495999999999946e+00	9.899970800000002e-01
1.496999999999946e+00	9.899970800000002e-01
1.497999999999946e+00	9.899970800000002e-01
1.498999999999946e+00	9.899970800000002e-01
1.499999999999946e+00	9.899970800000002e-01
1.500999999999945e+00	9.899970800000002e-01
1.501999999999945e+00	9.899970800000002e-01
1.502999999999945e+00	9.899970800000002e-01
1.503999999999945e+00	9.899970800000002e-01
1.504999999999945e+00	9.899970800000002e-01
1.505999999999945e+00	9.899970800000002e-01
1.506999999999945e+00	9.899970800000002e-01
1.507999999999945e+00	9.899970800000002e-01
1.508999999999945e+00	9.899970800000002e-01
1.509999999999944e+00	9.899970800000002e-01
1.510999999999944e+00	9.899970800000002e-01
1.511999999999944e+00	9.899970800000002e-01
1.512999999999944e+00	9.899970800000002e-01
1.513999999999944e+00	9.899970800000002e-01
1.514999999999944e+00	9.899970800000002e-01
1.515999999999944e+00	9.899970800000002e-01
1.516999999999944e+00	9.899970800000002e-01
1.517999999999944e+00	9.899970800000002e-01
1.518999999999944e+00	9.899970800000002e-01
1.519999999999943e+00	9.899970800000002e-01
1.520999999999943e+00	9.899970800000002e-01
1.521999999999943e+00	9.899970800000002e-01
1.522999999999943e+00	9.899970800000002e-01
1.523999999999943e+00	9.899970800000002e-01
1.524999999999943e+00	9.899970800000002e-01
1.525999999999943e+00	9.899970800000002e-01
1.526999999999943e+00	9.899970800000002e-01
1.527999999999943e+00	9.899970800000002e-01
1.528999999999942e+00	9.899970800000002e-01
1.529999999999942e+00	9.899970800000002e-01
1.530999999999942e+00	9.899970800000002e-01
1.531999999999942e+00	9.899970800000002e-01
1.532999999999942e+00	9.899970800000002e-01
1.533999999999942e+00	9.899970800000002e-01
1.534999999999942e+00	9.899970800000002e-01
1.535999999999942e+00	9.899970800000002e-01
1.536999999999942e+00	9.899970800000002e-01
1.537999999999941e+00	9.899970800000002e-01
1.538999999999941e+00	9.899970800000002e-01
1.539999999999941e+00	9.899970800000002e-01
1.540999999999941e+00	9.899970800000002e-01
1.541999999999941e+00	9.899970800000002e-01
1.542999999999941e+00	9.899970800000002e-01
1.543999999999941e+00	9.899970800000002e-01
1.544999999999941e+00	9.899970800000002e-01
1.545999999999941e+00	9.899970800000002e-01
1.546999999999940e+00	9.899970800000002e-01
1.547999999999940e+00	9.899970800000002e-01
1.548999999999940e+00	9.899970800000002e-01
1.549999999999940e+00	9.899970800000002e-01
1.550999999999940e+00	9.899970800000002e-01
1.551999999999940e+00	9.899970800000002e-01
1.552999999999940e+00	9.899970800000002e-01
1.553999999999940e+00	9.899970800000002e-01
1.554999999999940e+00	9.899970800000002e-01
1.555999999999939e+00	9.899970800000002e-01
1.556999999999939e+00	9.899970800000002e-01
1.557999999999939e+00	9.899970800000002e-01
1.558999999999939e+00	9.899970800000002e-01
1.559999999999939e+00	9.899970800000002e-01
1.560999999999939e+00	9.899970800000002e-01
1.561999999999939e+00	9.899970800000002e-01
1.562999999999939e+00	9.899970800000002e-01
1.563999999999939e+00	9.899970800000002e-01
1.564999999999938e+00	9.899970800000002e-01
1.565999999999938e+00	9.899970800000002e-01
1.566999999999938e+00	9.899970800000002e-01
1.567999999999938e+00	9.899970800000002e-01
1.568999999999938e+00	9.899970800000002e-01
1.569999999999938e+00	9.899970800000002e-01
1.570999999999938e+00	9.899970800000002e-01
1.571999999999938e+00	9.899970800000002e-01
1.572999999999938e+00	9.899970800000002e-01
1.573999999999937e+00	9.899970800000002e-01
1.574999999999937e+00	9.899970800000002e-01
1.575999999999937e+00	9.899970800000002e-01
1.576999999999937e+00	9.899970800000002e-01
1.577999999999937e+00	9.899970800000002e-01
1.578999999999937e+00	9.899970800000002e-01
1.579999999999937e+00	9.899970800000002e-01
1.580999999999937e+00	9.899970800000002e-01
1.581999999999937e+00	9.899970800000002e-01
1.582999999999936e+00	9.899970800000002e-01
1.583999999999936e+00	9.899970800000002e-01
1.584999999999936e+00	9.899970800000002e-01
1.585999999999936e+00	9.899970800000002e-01
1.586999999999936e+00	9.899970800000002e-01
1.587999999999936e+00	9.899970800000002e-01
1.588999999999936e+00	9.899970800000002e-01
1.589999999999936e+00	9.899970800000002e-01
1.590999999999936e+00	9.899970800000002e-01
1.591999999999935e+00	9.899970800000002e-01
1.592999999999935e+00	9.899970800000002e-01
1.593999999999935e+00	9.899970800000002e-01
1.594999999999935e+00	9.899970800000002e-01
1.595999999999935e+00	9.899970800000002e-01
1.596999999999935e+00	9.899970800000002e-01
1.597999999999935e+00	9.899970800000002e-01
1.598999999999935e+00	9.899970800000002e-01
1.599999999999935e+00	9.899970800000002e-01
1.600999999999934e+00	9.899970800000002e-01
1.601999999999934e+00	9.899970800000002e-01
1.602999999999934e+00	9.899970800000002e-01
1.603999999999934e+00	9.899970800000002e-01
1.604999999999934e+00	9.899970800000002e-01
1.605999999999934e+00	9.899970800000002e-01
1.606999999999934e+00	9.899970800000002e-01
1.607999999999934e+00	9.899970800000002e-01
1.608999999999934e+00	9.899970800000002e-01
1.609999999999933e+00	9.899970800000002e-01
1.610999999999933e+00	9.899970800000002e-01
1.611999999999933e+00	9.899970800000002e-01
1.612999999999933e+00	9.899970800000002e-01
1.613999999999933e+00	9.899970800000002e-01
1.614999999999933e+00	9.899970800000002e-01
1.615999999999933e+00	9.899970800000002e-01
1.616999999999933e+00	9.899970800000002e-01
1.617999999999933e+00	9.899970800000002e-01
1.618999999999932e+00	9.899970800000002e-01
1.619999999999932e+00	9.899970800000002e-01
1.620999999999932e+00	9.899970800000002e-01
1.621999999999932e+00	9.899970800000002e-01
1.622999999999932e+00	9.899970800000002e-01
1.623999999999932e+00	9.899970800000002e-01
1.624999999999932e+00	9.899970800000002e-01
1.625999999999932e+00	9.899970800000002e-01
1.626999999999932e+00	9.899970800000002e-01
1.627999999999932e+00	9.899970800000002e-01
1.628999999999931e+00	9.899970800000002e-01
1.629999999999931e+00	9.899970800000002e-01
1.630999999999931e+00	9.899970800000002e-01
1.631999999999931e+00	9.899970800000002e-01
1.632999999999931e+00	9.899970800000002e-01
1.633999999999931e+00	9.899970800000002e-01
1.634999999999931e+00	9.899970800000002e-01
1.635999999999931e+00	9.899970800000002e-01
1.636999999999931e+00	9.899970800000002e-01
1.637999999999930e+00	9.899970800000002e-01
1.638999999999930e+00	9.899970800000002e-01
1.639999999999930e+00	9.899970800000002e-01
1.640999999999930e+00	9.899970800000002e-01
1.641999999999930e+00	9.899970800000002e-01
1.642999999999930e+00	9.899970800000002e-01
1.643999999999930e+00	9.899970800000002e-01
1.644999999999930e+00	9.899970800000002e-01
1.645999999999930e+00	9.899970800000002e-01
1.646999999999929e+00	9.899970800000002e-01
1.647999999999929e+00	9.899970800000002e-01
1.648999999999929e+00	9.899970800000002e-01
1.649999999999929e+00	9.899970800000002e-01
1.650999999999929e+00	9.899970800000002e-01
1.651999999999929e+00	9.899970800000002e-01
1.652999999999929e+00	9.899970800000002e-01
1.653999999999929e+00	9.899970800000002e-01
1.654999999999929e+00	9.899970800000002e-01
1.655999999999928e+00	9.899970800000002e-01
1.656999999999928e+00	9.899970800000002e-01
1.657999999999928e+00	9.899970800000002e-01
1.658999999999928e+00	9.899970800000002e-01
1.659999999999928e+00	9.899970800000002e-01
1.660999999999928e+00	9.899970800000002e-01
1.661999999999928e+00	9.899970800000002e-01
1.662999999999928e+00	9.899970800000002e-01
1.663999999999928e+00	9.899970800000002e-01
1.664999999999927e+00	9.899970800000002e-01
1.665999999999927e+00	9.899970800000002e-01
1.666999999999927e+00	9.899970800000002e-01
1.667999999999927e+00	9.899970800000002e-01
1.668999999999927e+00	9.899970800000002e-01
1.669999999999927e+00	9.899970800000002e-01
1.670999999999927e+00	9.899970800000002e-01
1.671999999999927e+00	9.899970800000002e-01
1.672999999999927e+00	9.899970800000002e-01
1.673999999999926e+00	9.899970800000002e-01
1.674999999999926e+00	9.899970800000002e-01
1.675999999999926e+00	9.899970800000002e-01
1.676999999999926e+00	9.899970800000002e-01
1.677999999999926e+00	9.899970800000002e-01
1.678999999999926e+00	9.899970800000002e-01
1.679999999999926e+00	9.899970800000002e-01
1.680999999999926e+00	9.899970800000002e-01
1.681999999999926e+00	9.899970800000002e-01
1.682999999999925e+00	9.899970800000002e-01
1.683999999999925e+00	9.899970800000002e-01
1.684999999999925e+00	9.899970800000002e-01
1.685999999999925e+00	9.899970800000002e-01
1.686999999999925e+00	9.899970800000002e-01
1.687999999999925e+00	9.899970800000002e-01
1.688999999999925e+00	9.899970800000002e-01
1.689999999999925e+00	9.899970800000002e-01
1.690999999999925e+00	9.899970800000002e-01
1.691999999999924e+00	9.899970800000002e-01
1.692999999999924e+00	9.899970800000002e-01
1.693999999999924e+00	9.899970800000002e-01
1.694999999999924e+00	9.899970800000002e-01
1.695999999999924e+00	9.899970800000002e-01
1.696999999999924e+00	9.899970800000002e-01
1.697999999999924e+00	9.899970800000002e-01
1.698999999999924e+00	9.899970800000002e-01
1.699999999999924e+00	9.899970800000002e-01
1.700999999999923e+00	9.899970800000002e-01
1.701999999999923e+00	9.899970800000002e-01
1.702999999999923e+00	9.899970800000002e-01
1.703999999999923e+00	9.899970800000002e-01
1.704999999999923e+00	9.899970800000002e-01
1.705999999999923e+00	9.899970800000002e-01
1.706999999999923e+00	9.899970800000002e-01
1.707999999999923e+00	9.899970800000002e-01
1.708999999999923e+00	9.899970800000002e-01
1.709999999999922e+00	9.899970800000002e-01
1.710999999999922e+00	9.899970800000002e-01
1.711999999999922e+00	9.899970800000002e-01
1.712999999999922e+00	9.899970800000002e-01
1.713999999999922e+00	9.899970800000002e-01
1.714999999999922e+00	9.899970800000002e-01
1.715999999999922e+00	9.899970800000002e-01
1.716999999999922e+00	9.899970800000002e-01
1.717999999999922e+00	9.899970800000002e-01
1.718999999999921e+00	9.899970800000002e-01
1.719999999999921e+00	9.899970800000002e-01
1.720999999999921e+00	9.899970800000002e-01
1.721999999999921e+00	9.899970800000002e-01
1.722999999999921e+00	9.899970800000002e-01
1.723999999999921e+00	9.899970800000002e-01
1.724999999999921e+00	9.899970800000002e-01
1.725999999999921e+00	9.899970800000002e-01
1.726999999999921e+00	9.899970800000002e-01
1.727999999999920e+00	9.899970800000002e-01
1.728999999999920e+00	9.899970800000002e-01
1.729999999999920e+00	9.899970800000002e-01
1.730999999999920e+00	9.899970800000002e-01
1.731999999999920e+00	9.899970800000002e-01
1.732999999999920e+00	9.899970800000002e-01
1.733999999999920e+00	9.899970800000002e-01
1.734999999999920e+00	9.899970800000002e-01
1.735999999999920e+00	9.899970800000002e-01
1.736999999999919e+00	9.899970800000002e-01
1.737999999999919e+00	9.899970800000002e-01
1.738999999999919e+00	9.899970800000002e-01
1.739999999999919e+00	9.899970800000002e-01
1.740999999999919e+00	9.899970800000002e-01
1.741999999999919e+00	9.899970800000002e-01
1.742999999999919e+00	9.899970800000002e-01
1.743999999999919e+00	9.899970800000002e-01
1.744999999999919e+00	9.899970800000002e-01
1.745999999999919e+00	9.899970800000002e-01
1.746999999999918e+00	9.899970800000002e-01
1.747999999999918e+00	9.899970800000002e-01
1.748999999999918e+00	9.899970800000002e-01
1.749999999999918e+00	9.899970800000002e-01
1.750999999999918e+00	9.899970800000002e-01
1.751999999999918e+00	9.899970800000002e-01
1.752999999999918e+00	9.899970800000002e-01
1.753999999999918e+00	9.899970800000002e-01
1.754999999999918e+00	9.899970800000002e-01
1.755999999999917e+00	9.899970800000002e-01
1.756999999999917e+00	9.899970800000002e-01
1.757999999999917e+00	9.899970800000002e-01
1.758999999999917e+00	9.899970800000002e-01
1.759999999999917e+00	9.899970800000002e-01
1.760999999999917e+00	9.899970800000002e-01
1.761999999999917e+00	9.899970800000002e-01
1.762999999999917e+00	9.899970800000002e-01
1.763999999999917e+00	9.899970800000002e-01
1.764999999999916e+00	9.899970800000002e-01
1.765999999999916e+00	9.899970800000002e-01
1.766999999999916e+00	9.899970800000002e-01
1.767999999999916e+00	9.899970800000002e-01
1.768999999999916e+00	9.899970800000002e-01
1.769999999999916e+00	9.899970800000002e-01
1.770999999999916e+00	9.899970800000002e-01
1.771999999999916e+00	9.899970800000002e-01
1.772999999999916e+00	9.899970800000002e-01
1.773999999999915e+00	9.899970800000002e-01
1.774999999999915e+00	9.899970800000002e-01
1.775999999999915e+00	9.899970800000002e-01
1.776999999999915e+00	9.899970800000002e-01
1.777999999999915e+00	9.899970800000002e-01
1.778999999999915e+00	9.899970800000002e-01
1.779999999999915e+00	9.899970800000002e-01
1.780999999999915e+00	9.899970800000002e-01
1.781999999999915e+00	9.899970800000002e-01
1.782999999999914e+00	9.899970800000002e-01
1.783999999999914e+00	9.899970800000002e-01
1.784999999999914e+00	9.899970800000002e-01
1.785999999999914e+00	9.899970800000002e-01
1.786999999999914e+00	9.899970800000002e-01
1.787999999999914e+00	9.899970800000002e-01
1.788999999999914e+00	9.899970800000002e-01
1.789999999999914e+00	9.899970800000002e-01
1.790999999999914e+00	9.899970800000002e-01
1.791999999999913e+00	9.899970800000002e-01
1.792999999999913e+00	9.899970800000002e-01
1.793999999999913e+00	9.899970800000002e-01
1.794999999999913e+00	9.899970800000002e-01
1.795999999999913e+00	9.899970800000002e-01
1.796999999999913e+00	9.899970800000002e-01
1.797999999999913e+00	9.899970800000002e-01
1.798999999999913e+00	9.899970800000002e-01
1.799999999999913e+00	9.899970800000002e-01
1.800999999999912e+00	9.899970800000002e-01
1.801999999999912e+00	9.899970800000002e-01
1.802999999999912e+00	9.899970800000002e-01
1.803999999999912e+00	9.899970800000002e-01
1.804999999999912e+00	9.899970800000002e-01
1.805999999999912e+00	9.899970800000002e-01
1.806999999999912e+00	9.899970800000002e-01
1.807999999999912e+00	9.899970800000002e-01
1.808999999999912e+00	9.899970800000002e-01
1.809999999999911e+00	9.899970800000002e-01
1.810999999999911e+00	9.899970800000002e-01
1.811999999999911e+00	9.899970800000002e-01
1.812999999999911e+00	9.899970800000002e-01
1.813999999999911e+00	9.899970800000002e-01
1.814999999999911e+00	9.899970800000002e-01
1.815999999999911e+00	9.899970800000002e-01
1.816999999999911e+00	9.899970800000002e-01
1.817999999999911e+00	9.899970800000002e-01
1.818999999999910e+00	9.899970800000002e-01
1.819999999999910e+00	9.899970800000002e-01
1.820999999999910e+00	9.899970800000002e-01
1.821999999999910e+00	9.899970800000002e-01
1.822999999999910e+00	9.899970800000002e-01
1.823999999999910e+00	9.899970800000002e-01
1.824999999999910e+00	9.899970800000002e-01
1.825999999999910e+00	9.899970800000002e-01
1.826999999999910e+00	9.899970800000002e-01
1.827999999999909e+00	9.899970800000002e-01
1.828999999999909e+00	9.899970800000002e-01
1.829999999999909e+00	9.899970800000002e-01
1.830999999999909e+00	9.899970800000002e-01
1.831999999999909e+00	9.899970800000002e-01
1.832999999999909e+00	9.899970800000002e-01
1.833999999999909e+00	9.899970800000002e-01
1.834999999999909e+00	9.899970800000002e-01
1.835999999999909e+00	9.899970800000002e-01
1.836999999999908e+00	9.899970800000002e-01
1.837999999999908e+00	9.899970800000002e-01
1.838999999999908e+00	9.899970800000002e-01
1.839999999999908e+00	9.899970800000002e-01
1.840999999999908e+00	9.899970800000002e-01
1.841999999999908e+00	9.899970800000002e-01
1.842999999999908e+00	9.899970800000002e-01
1.843999999999908e+00	9.899970800000002e-01
1.844999999999908e+00	9.899970800000002e-01
1.845999999999907e+00	9.899970800000002e-01
1.846999999999907e+00	9.899970800000002e-01
1.847999999999907e+00	9.899970800000002e-01
1.848999999999907e+00	9.899970800000002e-01
1.849999999999907e+00	9.899970800000002e-01
1.850999999999907e+00	9.899970800000002e-01
1.851999999999907e+00	9.899970800000002e-01
1.852999999999907e+00	9.899970800000002e-01
1.853999999999907e+00	9.899970800000002e-01
1.854999999999907e+00	9.899970800000002e-01
1.855999999999906e+00	9.899970800000002e-01
1.856999999999906e+00	9.899970800000002e-01
1.857999999999906e+00	9.899970800000002e-01
1.858999999999906e+00	9.899970800000002e-01
1.859999999999906e+00	9.899970800000002e-01
1.860999999999906e+00	9.899970800000002e-01
1.861999999999906e+00	9.899970800000002e-01
1.862999999999906e+00	9.899970800000002e-01
1.863999999999906e+00	9.899970800000002e-01
1.864999999999905e+00	9.899970800000002e-01
1.865999999999905e+00	9.899970800000002e-01
1.866999999999905e+00	9.899970800000002e-01
1.867999999999905e+00	9.899970800000002e-01
1.868999999999905e+00	9.899970800000002e-01
1.869999999999905e+00	9.899970800000002e-01
1.870999999999905e+00	9.899970800000002e-01
1.871999999999905e+00	9.899970800000002e-01
1.872999999999905e+00	9.899970800000002e-01
1.873999999999904e+00	9.899970800000002e-01
1.874999999999904e+00	9.899970800000002e-01
1.875999999999904e+00	9.899970800000002e-01
1.876999999999904e+00	9.899970800000002e-01
1.877999999999904e+00	9.899970800000002e-01
1.878999999999904e+00	9.899970800000002e-01
1.879999999999904e+00	9.899970800000002e-01
1.880999999999904e+00	9.899970800000002e-01
1.881999999999904e+00	9.899970800000002e-01
1.882999999999903e+00	9.899970800000002e-01
1.883999999999903e+00	9.899970800000002e-01
1.884999999999903e+00	9.899970800000002e-01
1.885999999999903e+00	9.899970800000002e-01
1.886999999999903e+00	9.899970800000002e-01
1.887999999999903e+00	9.899970800000002e-01
1.888999999999903e+00	9.899970800000002e-01
1.889999999999903e+00	9.899970800000002e-01
1.890999999999903e+00	9.899970800000002e-01
1.891999999999902e+00	9.899970800000002e-01
1.892999999999902e+00	9.899970800000002e-01
1.893999999999902e+00	9.899970800000002e-01
1.894999999999902e+00	9.899970800000002e-01
1.895999999999902e+00	9.899970800000002e-01
1.896999999999902e+00	9.899970800000002e-01
1.897999999999902e+00	9.899970800000002e-01
1.898999999999902e+00	9.899970800000002e-01
1.899999999999902e+00	9.899970800000002e-01
1.900999999999901e+00	9.899970800000002e-01
1.901999999999901e+00	9.899970800000002e-01
1.902999999999901e+00	9.899970800000002e-01
1.903999999999901e+00	9.899970800000002e-01
1.904999999999901e+00	9.899970800000002e-01
1.905999999999901e+00	9.899970800000002e-01
1.906999999999901e+00	9.899970800000002e-01
1.907999999999901e+00	9.899970800000002e-01
1.908999999999901e+00	9.899970800000002e-01
1.909999999999900e+00	9.899970800000002e-01
1.910999999999900e+00	9.899970800000002e-01
1.911999999999900e+00	9.899970800000002e-01
1.912999999999900e+00	9.899970800000002e-01
1.913999999999900e+00	9.899970800000002e-01
1.914999999999900e+00	9.899970800000002e-01
1.915999999999900e+00	9.899970800000002e-01
1.916999999999900e+00	9.899970800000002e-01
1.917999999999900e+00	9.899970800000002e-01
1.918999999999899e+00	9.899970800000002e-01
1.919999999999899e+00	9.899970800000002e-01
1.920999999999899e+00	9.899970800000002e-01
1.921999999999899e+00	9.899970800000002e-01
1.922999999999899e+00	9.899970800000002e-01
1.923999999999899e+00	9.899970800000002e-01
1.924999999999899e+00	9.899970800000002e-01
1.925999999999899e+00	9.899970800000002e-01
1.926999999999899e+00	9.899970800000002e-01
1.927999999999898e+00	9.899970800000002e-01
1.928999999999898e+00	9.899970800000002e-01
1.929999999999898e+00	9.899970800000002e-01
1.930999999999898e+00	9.899970800000002e-01
1.931999999999898e+00	9.899970800000002e-01
1.932999999999898e+00	9.899970800000002e-01
1.933999999999898e+00	9.899970800000002e-01
1.934999999999898e+00	9.899970800000002e-01
1.935999999999898e+00	9.899970800000002e-01
1.936999999999897e+00	9.899970800000002e-01
1.937999999999897e+00	9.899970800000002e-01
1.938999999999897e+00	9.899970800000002e-01
1.939999999999897e+00	9.899970800000002e-01
1.940999999999897e+00	9.899970800000002e-01
1.941999999999897e+00	9.899970800000002e-01
1.942999999999897e+00	9.899970800000002e-01
1.943999999999897e+00	9.899970800000002e-01
1.944999999999897e+00	9.899970800000002e-01
1.945999999999896e+00	9.899970800000002e-01
1.946999999999896e+00	9.899970800000002e-01
1.947999999999896e+00	9.899970800000002e-01
1.948999999999896e+00	9.899970800000002e-01
1.949999999999896e+00	9.899970800000002e-01
1.950999999999896e+00	9.899970800000002e-01
1.951999999999896e+00	9.899970800000002e-01
1.952999999999896e+00	9.899970800000002e-01
1.953999999999896e+00	9.899970800000002e-01
1.954999999999895e+00	9.899970800000002e-01
1.955999999999895e+00	9.899970800000002e-01
1.956999999999895e+00	9.899970800000002e-01
1.957999999999895e+00	9.899970800000002e-01
1.958999999999895e+00	9.899970800000002e-01
1.959999999999895e+00	9.899970800000002e-01
1.960999999999895e+00	9.899970800000002e-01
1.961999999999895e+00	9.899970800000002e-01
1.962999999999895e+00	9.899970800000002e-01
1.963999999999894e+00	9.899970800000002e-01
1.964999999999894e+00	9.899970800000002e-01
1.965999999999894e+00	9.899970800000002e-01
1.966999999999894e+00	9.899970800000002e-01
1.967999999999894e+00	9.899970800000002e-01
1.968999999999894e+00	9.899970800000002e-01
1.969999999999894e+00	9.899970800000002e-01
1.970999999999894e+00	9.899970800000002e-01
1.971999999999894e+00	9.899970800000002e-01
1.972999999999894e+00	9.899970800000002e-01
1.973999999999893e+00	9.899970800000002e-01
1.974999999999893e+00	9.899970800000002e-01
1.975999999999893e+00	9.899970800000002e-01
1.976999999999893e+00	9.899970800000002e-01
1.977999999999893e+00	9.899970800000002e-01
1.978999999999893e+00	9.899970800000002e-01
1.979999999999893e+00	9.899970800000002e-01
1.980999999999893e+00	9.899970800000002e-01
1.981999999999893e+00	9.899970800000002e-01
1.982999999999892e+00	9.899970800000002e-01
1.983999999999892e+00	9.899970800000002e-01
1.984999999999892e+00	9.899970800000002e-01
1.985999999999892e+00	9.899970800000002e-01
1.986999999999892e+00	9.899970800000002e-01
1.987999999999892e+00	9.899970800000002e-01
1.988999999999892e+00	9.899970800000002e-01
1.989999999999892e+00	9.899970800000002e-01
1.990999999999892e+00	9.899970800000002e-01
1.991999999999891e+00	9.899970800000002e-01
1.992999999999891e+00	9.899970800000002e-01
1.993999999999891e+00	9.899970800000002e-01
1.994999999999891e+00	9.899970800000002e-01
1.995999999999891e+00	9.899970800000002e-01
1.996999999999891e+00	9.899970800000002e-01
1.997999999999891e+00	9.899970800000002e-01
1.998999999999891e+00	9.899970800000002e-01
1.999999999999891e+00	9.899970800000002e-01
