0.00000000000000000e+00	0.00000000000000000e+00
1.00050025012506246e-03	1.19940000000000012e-02
2.00100050025012492e-03	1.59920000000000027e-02
3.00150075037518716e-03	2.32383750000000021e-02
4.00200100050024984e-03	2.27386249999999984e-02
5.00250125062531251e-03	2.24887500000000053e-02
6.00300150075037432e-03	2.77361250000000073e-02
7.00350175087543700e-03	3.59819999999999932e-02
8.00400200100049967e-03	3.02348749999999944e-02
9.00450225112556235e-03	3.59819999999999932e-02
1.00050025012506250e-02	3.37331249999999958e-02
1.10055027513756877e-02	5.09745000000000337e-02
1.20060030015007486e-02	3.54822500000000277e-02
1.30065032516258113e-02	3.97301249999999911e-02
1.40070035017508740e-02	3.89804999999999943e-02
1.50075037518759367e-02	5.69714999999999944e-02
1.60080040020009993e-02	3.82308750000000253e-02
1.70085042521260603e-02	5.99699999999999886e-02
1.80090045022511247e-02	4.59769999999999901e-02
1.90095047523761856e-02	5.09744999999999920e-02
2.00100050025012501e-02	5.47226249999999900e-02
2.10105052526263110e-02	5.84707499999999950e-02
2.20110055027513754e-02	5.69714999999999944e-02
2.30115057528764363e-02	3.97301250000000605e-02
2.40120060030014973e-02	8.19589999999999902e-02
2.50125062531265617e-02	5.39729999999999932e-02
2.60130065032516226e-02	5.84707499999999950e-02
2.70135067533766871e-02	5.47226249999999900e-02
2.80140070035017480e-02	8.09594999999999898e-02
2.90145072536268124e-02	5.09744999999999920e-02
3.00150075037518733e-02	7.79609999999999886e-02
3.10155077538769378e-02	3.99799999999999947e-02
3.20160080040019987e-02	8.17091250000001323e-02
3.30165082541270596e-02	7.64617500000001199e-02
3.40170085042521206e-02	8.09594999999998510e-02
3.50175087543771885e-02	4.79759999999999076e-02
3.60180090045022494e-02	8.17091250000001323e-02
3.70185092546273103e-02	8.09595000000001286e-02
3.80190095047523713e-02	7.79609999999998499e-02
3.90195097548774392e-02	5.84707499999998909e-02
4.00200100050025001e-02	9.09545000000001463e-02
4.10205102551275611e-02	6.97151250000001138e-02
4.20210105052526220e-02	8.39580000000001297e-02
4.30215107553776829e-02	7.49624999999998626e-02
4.40220110055027508e-02	8.39579999999998383e-02
4.50225112556278118e-02	7.79610000000001274e-02
4.60230115057528727e-02	8.17091250000001323e-02
4.70235117558779336e-02	8.84557500000001384e-02
4.80240120060029946e-02	8.69564999999998395e-02
4.90245122561280625e-02	8.79559999999998399e-02
5.00250125062531234e-02	7.19640000000001112e-02
5.10255127563781843e-02	9.29535000000001471e-02
5.20260130065032453e-02	8.77061249999998294e-02
5.30265132566283132e-02	1.01948999999999804e-01
5.40270135067533741e-02	7.19640000000001112e-02
5.50275137568784350e-02	1.09445250000000174e-01
5.60280140070034960e-02	8.09595000000001286e-02
5.70285142571285569e-02	8.99549999999998268e-02
5.80290145072536248e-02	9.37031249999998178e-02
5.90295147573786858e-02	9.69515000000001487e-02
6.00300150075037467e-02	1.16941500000000184e-01
6.10305152576288076e-02	8.09594999999998510e-02
6.20310155077538755e-02	9.59519999999998152e-02
6.30315157578789365e-02	8.54572500000001373e-02
6.40320160080039974e-02	1.11694125000000172e-01
6.50325162581290583e-02	9.59520000000001483e-02
6.60330165082541193e-02	1.19940000000000185e-01
6.70335167583791802e-02	6.29685000000000938e-02
6.80340170085042412e-02	1.25936999999999327e-01
6.90345172586293160e-02	8.69564999999995342e-02
7.00350175087543769e-02	1.15692125000000187e-01
7.10355177588794379e-02	1.10944500000000182e-01
7.20360180090044988e-02	1.10944500000000182e-01
7.30365182591295597e-02	8.84557500000001384e-02
7.40370185092546207e-02	1.37931000000000220e-01
7.50375187593796816e-02	8.39580000000001297e-02
7.60380190095047426e-02	9.67016250000001520e-02
7.70385192596298035e-02	1.10944499999999405e-01
7.80390195097548783e-02	1.25936999999999327e-01
7.90395197598799393e-02	1.22938500000000200e-01
8.00400200100050002e-02	8.99550000000001460e-02
8.10405202601300612e-02	1.25937000000000188e-01
8.20410205102551221e-02	9.54522500000001550e-02
8.30415207603801830e-02	1.35682125000000209e-01
8.40420210105052440e-02	1.16941500000000184e-01
8.50425212606303049e-02	1.13943000000000183e-01
8.60430215107553659e-02	1.13942999999999392e-01
8.70435217608804407e-02	1.07945999999999417e-01
8.80440220110055016e-02	1.28935500000000203e-01
8.90445222611305626e-02	1.13943000000000183e-01
9.00450225112556235e-02	1.14692625000000187e-01
9.10455227613806845e-02	1.40929500000000235e-01
9.20460230115057454e-02	9.89505000000001633e-02
9.30465232616308063e-02	1.27436250000000195e-01
9.40470235117558673e-02	1.43928000000000222e-01
9.50475237618809282e-02	1.05947000000000166e-01
9.60480240120059892e-02	1.16941499999999379e-01
9.70485242621310640e-02	1.37930999999999276e-01
9.80490245122561249e-02	1.05697125000000169e-01
9.90495247623811859e-02	1.31934000000000218e-01
1.00050025012506247e-01	1.43928000000000222e-01
1.01050525262631308e-01	1.49925000000000253e-01
1.02051025512756369e-01	1.07946000000000167e-01
1.03051525762881430e-01	1.04947500000000166e-01
1.04052026013006491e-01	1.57421250000000262e-01
1.05052526263131552e-01	1.05697124999999434e-01
1.06053026513256626e-01	1.46926499999999211e-01
1.07053526763381687e-01	1.37931000000000220e-01
1.08054027013506748e-01	1.28935500000000203e-01
1.09054527263631809e-01	1.26936500000000202e-01
1.10055027513756870e-01	1.31934000000000218e-01
1.11055527763881931e-01	1.46926500000000237e-01
1.12056028014006992e-01	1.28935500000000203e-01
1.13056528264132053e-01	1.26686625000000191e-01
1.14057028514257114e-01	1.55921999999999172e-01
1.15057528764382189e-01	1.36431749999999269e-01
1.16058029014507250e-01	1.40929500000000235e-01
1.17058529264632311e-01	1.46926500000000237e-01
1.18059029514757372e-01	1.31934000000000218e-01
1.19059529764882432e-01	1.28935500000000203e-01
1.20060030015007493e-01	1.52923500000000240e-01
1.21060530265132554e-01	1.41679125000000239e-01
1.22061030515257615e-01	1.43928000000000222e-01
1.23061530765382676e-01	1.43927999999999223e-01
1.24062031015507751e-01	1.56921500000000241e-01
1.25062531265632798e-01	1.31934000000000218e-01
1.26063031515757873e-01	1.55922000000000255e-01
1.27063531765882920e-01	1.42428750000000215e-01
1.28064032016007995e-01	1.16941499999998560e-01
1.29064532266133070e-01	1.80659625000000296e-01
1.30065032516258117e-01	1.46926500000000237e-01
1.31065532766383191e-01	1.49925000000000253e-01
1.32066033016508239e-01	1.43928000000000222e-01
1.33066533266633313e-01	1.46926500000000237e-01
1.34067033516758360e-01	1.49925000000000253e-01
1.35067533766883435e-01	1.70914500000000275e-01
1.36068034017008482e-01	1.13943000000000183e-01
1.37068534267133557e-01	1.86656624999997717e-01
1.38069034517258632e-01	1.61919000000000257e-01
1.39069534767383679e-01	1.32933500000000204e-01
1.40070035017508754e-01	1.54422750000000247e-01
1.41070535267633801e-01	1.76911500000000277e-01
1.42071035517758876e-01	1.55922000000000255e-01
1.43071535767883923e-01	1.55922000000000255e-01
1.44072036018008998e-01	1.25937000000000188e-01
1.45072536268134045e-01	1.79910000000000292e-01
1.46073036518259119e-01	1.53673124999998106e-01
1.47073536768384194e-01	1.73913000000000290e-01
1.48074037018509241e-01	1.67916000000000259e-01
1.49074537268634316e-01	1.82908500000000279e-01
1.50075037518759363e-01	1.58920500000000242e-01
1.51075537768884438e-01	1.43928000000000222e-01
1.52076038019009485e-01	1.40929500000000235e-01
1.53076538269134560e-01	1.81409250000000299e-01
1.54077038519259607e-01	1.61919000000000257e-01
1.55077538769384682e-01	1.68665624999997932e-01
1.56078039019509757e-01	1.47926000000000224e-01
1.57078539269634804e-01	2.18890500000000349e-01
1.58079039519759879e-01	1.46926500000000237e-01
1.59079539769884926e-01	1.31934000000000218e-01
1.60080040020010000e-01	1.88905500000000309e-01
1.61080540270135047e-01	2.00899500000000314e-01
1.62081040520260122e-01	1.46926500000000237e-01
1.63081540770385169e-01	1.88905500000000309e-01
1.64082041020510244e-01	1.47676124999998187e-01
1.65082541270635319e-01	1.85907000000000294e-01
1.66083041520760366e-01	1.58920500000000242e-01
1.67083541770885441e-01	1.87406250000000302e-01
1.68084042021010488e-01	1.76911500000000277e-01
1.69084542271135563e-01	1.82908500000000279e-01
1.70085042521260610e-01	1.79910000000000292e-01
1.71085542771385685e-01	1.70914500000000275e-01
1.72086043021510732e-01	1.28935500000000203e-01
1.73086543271635807e-01	2.14642624999997367e-01
1.74087043521760881e-01	1.76911500000000277e-01
1.75087543771885928e-01	1.88905500000000309e-01
1.76088044022011003e-01	1.82908500000000279e-01
1.77088544272136050e-01	1.91904000000000297e-01
1.78089044522261125e-01	1.70914500000000275e-01
1.79089544772386172e-01	1.76911500000000277e-01
1.80090045022511247e-01	1.61919000000000257e-01
1.81090545272636294e-01	2.17391250000000341e-01
1.82091045522761369e-01	1.56671624999998066e-01
1.83091545772886444e-01	2.06896500000000316e-01
1.84092046023011491e-01	1.91904000000000297e-01
1.85092546273136566e-01	1.82908500000000279e-01
1.86093046523261613e-01	1.67916000000000259e-01
1.87093546773386687e-01	2.09895000000000331e-01
1.88094047023511735e-01	1.49925000000000253e-01
1.89094547273636809e-01	2.21889000000000364e-01
1.90095047523761856e-01	1.82908500000000279e-01
1.91095547773886931e-01	1.84657625000000297e-01
1.92096048024011978e-01	2.00899500000000314e-01
1.93096548274137053e-01	2.00899499999997538e-01
1.94097048524262128e-01	1.82908500000000279e-01
1.95097548774387175e-01	1.96401750000000319e-01
1.96098049024512250e-01	1.88905500000000309e-01
1.97098549274637297e-01	2.00899500000000314e-01
1.98099049524762372e-01	2.24887500000000351e-01
1.99099549774887419e-01	1.58920500000000242e-01
2.00100050025012494e-01	1.91904000000000297e-01
2.01100550275137541e-01	2.01649125000000318e-01
2.02101050525262615e-01	1.97900999999997579e-01
2.03101550775387690e-01	1.97901000000000327e-01
2.04102051025512737e-01	2.09895000000000331e-01
2.05102551275637812e-01	1.82908500000000279e-01
2.06103051525762859e-01	2.33883000000000368e-01
2.07103551775887934e-01	1.85907000000000294e-01
2.08104052026012981e-01	1.76911500000000277e-01
2.09104552276138056e-01	2.06896500000000316e-01
2.10105052526263103e-01	1.94402750000000318e-01
2.11105552776388178e-01	2.19640124999997299e-01
2.12106053026513253e-01	2.27886000000000366e-01
2.13106553276638300e-01	1.79910000000000292e-01
2.14107053526763375e-01	1.97901000000000327e-01
2.15107553776888422e-01	2.54872500000000390e-01
2.16108054027013496e-01	1.82908500000000279e-01
2.17108554277138543e-01	1.88905500000000309e-01
2.18109054527263618e-01	1.97901000000000327e-01
2.19109554777388665e-01	2.27886000000000366e-01
2.20110055027513740e-01	2.07646124999997461e-01
2.21110555277638815e-01	2.21889000000000364e-01
2.22111055527763862e-01	1.94902500000000312e-01
2.23111555777888937e-01	2.33883000000000368e-01
2.24112056028013984e-01	2.24887500000000351e-01
2.25112556278139059e-01	2.03898000000000329e-01
2.26113056528264106e-01	1.90404750000000317e-01
2.27113556778389181e-01	2.51874000000000375e-01
2.28114057028514228e-01	1.79910000000000292e-01
2.29114557278639303e-01	2.31883999999997148e-01
2.30115057528764377e-01	2.10644625000000335e-01
2.31115557778889424e-01	2.06896500000000316e-01
2.32116058029014499e-01	2.27886000000000366e-01
2.33116558279139546e-01	1.94902500000000312e-01
2.34117058529264621e-01	2.69865000000000410e-01
2.35117558779389668e-01	1.97901000000000327e-01
2.36118059029514743e-01	2.24887500000000351e-01
2.37118559279639790e-01	2.15892000000000334e-01
2.38119059529764865e-01	2.51873999999996934e-01
2.39119559779889940e-01	2.03898000000000329e-01
2.40120060030014987e-01	1.80659625000000296e-01
2.41120560280140062e-01	2.12893500000000346e-01
2.42121060530265109e-01	2.71364250000000418e-01
2.43121560780390183e-01	1.97901000000000327e-01
2.44122061030515231e-01	3.02848500000000465e-01
2.45122561280640305e-01	1.73913000000000290e-01
2.46123061530765352e-01	2.21889000000000364e-01
2.47123561780890427e-01	2.54872499999996893e-01
2.48124062031015502e-01	2.30884500000000381e-01
2.49124562281140549e-01	1.52923500000002377e-01
2.50125062531265596e-01	2.83608124999996491e-01
2.51125562781390699e-01	2.30884499999997161e-01
2.52126063031515746e-01	2.33883000000003616e-01
2.53126563281640793e-01	2.60869500000004029e-01
2.54127063531765840e-01	2.12893499999997377e-01
2.55127563781890943e-01	2.30884499999997161e-01
2.56128064032015990e-01	2.24887500000003487e-01
2.57128564282141037e-01	2.30884499999997161e-01
2.58129064532266139e-01	2.26386749999997222e-01
2.59129564782391186e-01	2.48875500000003858e-01
2.60130065032516233e-01	2.43628125000003776e-01
2.61130565282641280e-01	2.54872499999996893e-01
2.62131065532766383e-01	2.42878499999997027e-01
2.63131565782891430e-01	2.15892000000003331e-01
2.64132066033016477e-01	2.36881500000003659e-01
2.65132566283141524e-01	2.66866499999996731e-01
2.66133066533266627e-01	2.03897999999997498e-01
2.67133566783391674e-01	2.78860500000004341e-01
2.68134067033516721e-01	2.18890499999997323e-01
2.69134567283641823e-01	2.60869499999996812e-01
2.70135067533766871e-01	2.45877000000003815e-01
2.71135567783891918e-01	2.23638125000003463e-01
2.72136068034016965e-01	2.54872499999996893e-01
2.73136568284142067e-01	2.24887499999997242e-01
2.74137068534267114e-01	2.66866500000004114e-01
2.75137568784392161e-01	2.53373249999996886e-01
2.76138069034517264e-01	2.39879999999997040e-01
2.77138569284642311e-01	2.57871000000004014e-01
2.78139069534767358e-01	2.75862000000004270e-01
2.79139569784892405e-01	2.51873999999996934e-01
2.80140070035017508e-01	2.15891999999997336e-01
2.81140570285142555e-01	2.49625125000003861e-01
2.82141070535267602e-01	2.36881500000003659e-01
2.83141570785392649e-01	2.54872499999996893e-01
2.84142071035517751e-01	2.75861999999996610e-01
2.85142571285642799e-01	2.66866500000004114e-01
2.86143071535767846e-01	2.48875499999996946e-01
2.87143571785892948e-01	2.48875499999996946e-01
2.88144072036017995e-01	3.20839500000004940e-01
2.89144572286143042e-01	1.67916000000002591e-01
2.90145072536268089e-01	2.90854499999996408e-01
2.91145572786393192e-01	2.25637124999997218e-01
2.92146073036518239e-01	2.56371750000003951e-01
2.93146573286643286e-01	2.58870499999996839e-01
2.94147073536768389e-01	3.29834999999995937e-01
2.95147573786893436e-01	2.63868000000004099e-01
2.96148074037018483e-01	2.39880000000003701e-01
2.97148574287143530e-01	2.69864999999996691e-01
2.98149074537268632e-01	2.96851499999996327e-01
2.99149574787393679e-01	1.91904000000002961e-01
3.00150075037518727e-01	2.72863500000004200e-01
3.01150575287643774e-01	2.60869499999996812e-01
3.02151075537768876e-01	2.76611624999996586e-01
3.03151575787893923e-01	2.78860500000004341e-01
3.04152076038018970e-01	2.99849999999996342e-01
3.05152576288144073e-01	2.93852999999996367e-01
3.06153076538269120e-01	1.88905500000002918e-01
3.07153576788394167e-01	2.66866500000004114e-01
3.08154077038519214e-01	2.93852999999996367e-01
3.09154577288644317e-01	2.65367249999996724e-01
3.10155077538769364e-01	2.93853000000004527e-01
3.11155577788894411e-01	2.75861999999996610e-01
3.12156078039019513e-01	2.46626624999996963e-01
3.13156578289144560e-01	2.87856000000004442e-01
3.14157078539269607e-01	3.05847000000004754e-01
3.15157578789394655e-01	2.67865999999996718e-01
3.16158079039519757e-01	2.81858999999996529e-01
3.17158579289644804e-01	2.39880000000003701e-01
3.18159079539769851e-01	2.90854500000004512e-01
3.19159579789894898e-01	2.84857499999996489e-01
3.20160080040020001e-01	2.93852999999996367e-01
3.21160580290145048e-01	2.78860500000004341e-01
3.22161080540270095e-01	2.42878499999997027e-01
3.23161580790395198e-01	3.03598124999996277e-01
3.24162081040520245e-01	3.56821500000005509e-01
3.25162581290645292e-01	2.24887500000003487e-01
3.26163081540770339e-01	2.81858999999996529e-01
3.27163581790895441e-01	2.53373249999996886e-01
3.28164082041020488e-01	3.41829000000005268e-01
3.29164582291145535e-01	2.69864999999996691e-01
3.30165082541270638e-01	3.05846999999996261e-01
3.31165582791395685e-01	3.02848500000004683e-01
3.32166083041520732e-01	2.30884500000003573e-01
3.33166583291645779e-01	3.30584624999995913e-01
3.34167083541770882e-01	2.78860499999996569e-01
3.35167583791895929e-01	2.87856000000004442e-01
3.36168084042020976e-01	2.72863500000004200e-01
3.37168584292146023e-01	2.78860499999996569e-01
3.38169084542271126e-01	3.35831999999995856e-01
3.39169584792396173e-01	3.03848000000004725e-01
3.40170085042521220e-01	2.93852999999996367e-01
3.41170585292646322e-01	2.99849999999996342e-01
3.42171085542771369e-01	2.78860500000004341e-01
3.43171585792896416e-01	2.48875500000003858e-01
3.44172086043021463e-01	3.30584624999995913e-01
3.45172586293146566e-01	3.07346249999996213e-01
3.46173086543271613e-01	2.63868000000004099e-01
3.47173586793396660e-01	3.41828999999995775e-01
3.48174087043521763e-01	2.90854499999996408e-01
3.49174587293646810e-01	3.29835000000005096e-01
3.50175087543771857e-01	3.11844000000004840e-01
3.51175587793896904e-01	3.14842499999996139e-01
3.52176088044022007e-01	2.66866499999996731e-01
3.53176588294147054e-01	2.48875500000003858e-01
3.54177088544272101e-01	3.51574125000005455e-01
3.55177588794397148e-01	3.17840999999996099e-01
3.56178089044522250e-01	2.93852999999996367e-01
3.57178589294647297e-01	3.41829000000005268e-01
3.58179089544772344e-01	2.81858999999996529e-01
3.59179589794897447e-01	3.32833499999995897e-01
3.60180090045022494e-01	3.32833500000005167e-01
3.61180590295147541e-01	3.08845500000004769e-01
3.62181090545272588e-01	2.67865999999996718e-01
3.63181590795397691e-01	2.57870999999996853e-01
3.64182091045522738e-01	3.43328250000005331e-01
3.65182591295647785e-01	3.75562124999995361e-01
3.66183091545772887e-01	3.05846999999996261e-01
3.67183591795897935e-01	3.23838000000005011e-01
3.68184092046022982e-01	2.96851500000004598e-01
3.69184592296148029e-01	3.05846999999996261e-01
3.70185092546273131e-01	3.53822999999995669e-01
3.71185592796398178e-01	3.14842500000004855e-01
3.72186093046523225e-01	2.96851500000004598e-01
3.73186593296648272e-01	2.87855999999996448e-01
3.74187093546773375e-01	3.62818499999995547e-01
3.75187593796898422e-01	3.45577125000005370e-01
3.76188094047023469e-01	3.17840999999996099e-01
3.77188594297148572e-01	3.32833499999995897e-01
3.78189094547273619e-01	3.32833500000005167e-01
3.79189594797398666e-01	3.02848500000004683e-01
3.80190095047523713e-01	3.20839499999996058e-01
3.81190595297648815e-01	3.14842499999996139e-01
3.82191095547773863e-01	3.65817000000005665e-01
3.83191595797898910e-01	2.80359750000004349e-01
3.84192096048023957e-01	3.44827499999995790e-01
3.85192596298149059e-01	3.57571124999995604e-01
3.86193096548274106e-01	3.05847000000004754e-01
3.87193596798399153e-01	3.69814999999995453e-01
3.88194097048524256e-01	3.29834999999995937e-01
3.89194597298649303e-01	3.38830500000005252e-01
3.90195097548774350e-01	2.93853000000004527e-01
3.91195597798899397e-01	3.65816999999995507e-01
3.92196098049024500e-01	3.32833499999995897e-01
3.93196598299149547e-01	3.29835000000005096e-01
3.94197098549274594e-01	3.11843999999996180e-01
3.95197598799399696e-01	3.41828999999995775e-01
3.96198099049524743e-01	3.63568125000005626e-01
3.97198599299649791e-01	4.10794500000006335e-01
3.98199099549774838e-01	3.17840999999996099e-01
3.99199599799899940e-01	3.02848499999996301e-01
4.00200100050024987e-01	3.29835000000005096e-01
4.01200600300150034e-01	3.71814000000005751e-01
4.02201100550275081e-01	3.46326749999995742e-01
4.03201600800400184e-01	3.29834999999995937e-01
4.04202101050525231e-01	3.50824500000005424e-01
4.05202601300650278e-01	3.20839499999996058e-01
4.06203101550775381e-01	3.93553124999995174e-01
4.07203601800900428e-01	3.86806500000005993e-01
4.08204102051025475e-01	3.11844000000004840e-01
4.09204602301150522e-01	3.02848499999996301e-01
4.10205102551275624e-01	3.77810999999995345e-01
4.11205602801400671e-01	3.29835000000005096e-01
4.12206103051525719e-01	3.93802999999995185e-01
4.13206603301650821e-01	3.59819999999995588e-01
4.14207103551775868e-01	3.41829000000005268e-01
4.15207603801900915e-01	3.56821500000005509e-01
4.16208104052025962e-01	3.84557624999995296e-01
4.17208604302151065e-01	3.35831999999995856e-01
4.18209104552276112e-01	3.56821500000005509e-01
4.19209604802401159e-01	3.74812500000005822e-01
4.20210105052526206e-01	3.47825999999995750e-01
4.21210605302651309e-01	3.34332749999995904e-01
4.22211105552776356e-01	3.98800500000006164e-01
4.23211605802901403e-01	3.92803499999995198e-01
4.24212106053026505e-01	3.71813999999995426e-01
4.25212606303151552e-01	3.50824500000005424e-01
4.26213106553276599e-01	3.36581625000005213e-01
4.27213606803401647e-01	3.86806499999995224e-01
4.28214107053526749e-01	3.83807999999995264e-01
4.29214607303651796e-01	3.53823000000005494e-01
4.30215107553776843e-01	3.26836499999995977e-01
4.31215607803901946e-01	4.37780999999994647e-01
4.32216108054026993e-01	3.26836500000005081e-01
4.33216608304152040e-01	4.43778000000006889e-01
4.34217108554277087e-01	3.26836499999995977e-01
4.35217608804402190e-01	3.83807999999995264e-01
4.36218109054527237e-01	3.48575625000005385e-01
4.37218609304652284e-01	4.10794500000006335e-01
4.38219109554777331e-01	3.66816499999995493e-01
4.39219609804902433e-01	3.59819999999995588e-01
4.40220110055027480e-01	3.89805000000006008e-01
4.41220610305152527e-01	4.09295249999994948e-01
4.42221110555277630e-01	3.53822999999995669e-01
4.43221610805402677e-01	3.86806500000005993e-01
4.44222111055527724e-01	4.16791500000006421e-01
4.45222611305652771e-01	3.68815499999995466e-01
4.46223111555777874e-01	3.60569624999995564e-01
4.47223611805902921e-01	3.68815500000005680e-01
4.48224112056027968e-01	4.34782499999994632e-01
4.49224612306153070e-01	3.98800499999995117e-01
4.50225112556278118e-01	3.74812500000005822e-01
4.51225612806403165e-01	3.68815500000005680e-01
4.52226113056528212e-01	4.07795999999994996e-01
4.53226613306653314e-01	3.83807999999995264e-01
4.54227113556778361e-01	4.43778000000006889e-01
4.55227613806903408e-01	3.74812500000005822e-01
4.56228114057028455e-01	3.54572624999995645e-01
4.57228614307153558e-01	3.68815499999995466e-01
4.58229114557278605e-01	4.67766000000007232e-01
4.59229614807403652e-01	4.07795999999994996e-01
4.60230115057528755e-01	3.58320749999995580e-01
4.61230615307653802e-01	3.68815500000005680e-01
4.62231115557778849e-01	4.22788500000006562e-01
4.63231615807903896e-01	4.07795999999994996e-01
4.64232116058028998e-01	4.38780499999994633e-01
4.65232616308154046e-01	3.99550125000006195e-01
4.66233116558279093e-01	4.10794499999994955e-01
4.67233616808404195e-01	3.74812499999995385e-01
4.68234117058529242e-01	4.16791500000006421e-01
4.69234617308654289e-01	4.28785500000006647e-01
4.70235117558779336e-01	4.16791499999994874e-01
4.71235617808904439e-01	3.68815499999995466e-01
4.72236118059029486e-01	3.92803500000006078e-01
4.73236618309154533e-01	4.58770500000007075e-01
4.74237118559279580e-01	4.10794499999994955e-01
4.75237618809404683e-01	4.29535124999994744e-01
4.76238119059529730e-01	4.25787000000006577e-01
4.77238619309654777e-01	3.92803499999995198e-01
4.78239119559779879e-01	4.22788499999994793e-01
4.79239619809904926e-01	4.19790000000006491e-01
4.80240120060029974e-01	4.03298250000006242e-01
4.81240620310155021e-01	4.01798999999995077e-01
4.82241120560280123e-01	4.19789999999994834e-01
4.83241620810405170e-01	4.55772000000007060e-01
4.84242121060530217e-01	4.35532124999994663e-01
4.85242621310655320e-01	4.52773499999994444e-01
4.86243121560780367e-01	4.10794500000006335e-01
4.87243621810905414e-01	3.95802000000006149e-01
4.88244122061030461e-01	4.31783999999994672e-01
4.89244622311155564e-01	4.37780999999994647e-01
4.90245122561280611e-01	4.16791500000006421e-01
4.91245622811405658e-01	4.32783500000006705e-01
4.92246123061530705e-01	4.31783999999994672e-01
4.93246623311655807e-01	4.58770499999994363e-01
4.94247123561780854e-01	5.01499125000007706e-01
4.95247623811905902e-01	3.95801999999995158e-01
4.96248124062031004e-01	4.34782499999994632e-01
4.97248624312156051e-01	4.04797500000006250e-01
4.98249124562281098e-01	4.55772000000007060e-01
4.99249624812406145e-01	4.43778000000006889e-01
5.00250125062531192e-01	4.04797499999995036e-01
5.01250625312656295e-01	4.51274249999981947e-01
5.02251125562781398e-01	4.64767500000007217e-01
5.03251625812906389e-01	4.44527625000006865e-01
5.04252126063031492e-01	5.00749499999979975e-01
5.05252626313156594e-01	4.40779500000006819e-01
5.06253126563281586e-01	3.98800500000006164e-01
5.07253626813406688e-01	4.82758500000007473e-01
5.08254127063531680e-01	4.28785500000006647e-01
5.09254627313656782e-01	4.55771999999981747e-01
5.10255127563781885e-01	4.31784000000006662e-01
5.11255627813906877e-01	4.70764500000007302e-01
5.12256128064031979e-01	4.83508124999980637e-01
5.13256628314157082e-01	4.43778000000006889e-01
5.14257128564282073e-01	4.94752500000007644e-01
5.15257628814407176e-01	4.64767499999981404e-01
5.16258129064532278e-01	3.95802000000006149e-01
5.17258629314657270e-01	4.94752500000007644e-01
5.18259129564782373e-01	4.29785000000006634e-01
5.19259629814907364e-01	4.82758500000007473e-01
5.20260130065032467e-01	4.62518624999981476e-01
5.21260630315157569e-01	4.54272750000007053e-01
5.22261130565282561e-01	5.21739000000008057e-01
5.23261630815407663e-01	4.43777999999982242e-01
5.24262131065532766e-01	5.33733000000008229e-01
5.25262631315657758e-01	4.46776500000006904e-01
5.26263131565782860e-01	4.22788499999983081e-01
5.27263631815907963e-01	5.21739000000008057e-01
5.28264132066032954e-01	4.37781000000006748e-01
5.29264632316158057e-01	5.16491625000008003e-01
5.30265132566283048e-01	4.31784000000006662e-01
5.31265632816408151e-01	4.64767499999981404e-01
5.32266133066533254e-01	5.18740500000008042e-01
5.33266633316658245e-01	4.79760000000007403e-01
5.34267133566783348e-01	5.24737499999978985e-01
5.35267633816908450e-01	4.85757000000007488e-01
5.36268134067033442e-01	4.58770500000007075e-01
5.37268634317158544e-01	5.10494624999979552e-01
5.38269134567283647e-01	4.40779500000006819e-01
5.39269634817408638e-01	5.30734500000008214e-01
5.40270135067533741e-01	4.73762999999981060e-01
5.41270635317658844e-01	4.63268250000007153e-01
5.42271135567783835e-01	5.12743500000007901e-01
5.43271635817908938e-01	5.12743500000007901e-01
5.44272136068033929e-01	5.21739000000008057e-01
5.45272636318159032e-01	4.97750999999980070e-01
5.46273136568284134e-01	5.11494125000007904e-01
5.47273636818409126e-01	4.64767500000007217e-01
5.48274137068534229e-01	5.33732999999978586e-01
5.49274637318659331e-01	5.00749500000007730e-01
5.50275137568784323e-01	5.33733000000008229e-01
5.51275637818909425e-01	4.22788499999983081e-01
5.52276138069034528e-01	5.18740500000008042e-01
5.53276638319159519e-01	5.22488625000008033e-01
5.54277138569284622e-01	5.51724000000008541e-01
5.55277638819409614e-01	5.06746500000007871e-01
5.56278139069534716e-01	5.36731499999978490e-01
5.57278639319659819e-01	4.97751000000007715e-01
5.58279139569784810e-01	5.57721000000008682e-01
5.59279639819909913e-01	5.12743499999979480e-01
5.60280140070035015e-01	4.52773500000006990e-01
5.61280640320160007e-01	4.86506625000007520e-01
5.62281140570285110e-01	5.83208249999976669e-01
5.63281640820410212e-01	5.27736000000008199e-01
5.64282141070535204e-01	5.03748000000007745e-01
5.65282641320660306e-01	6.05697000000009367e-01
5.66283141570785298e-01	4.94752500000007644e-01
5.67283641820910400e-01	5.21738999999979081e-01
5.68284142071035503e-01	5.54722500000008556e-01
5.69284642321160494e-01	5.52473625000008517e-01
5.70285142571285597e-01	4.91753999999980318e-01
5.71285642821410700e-01	5.57721000000008682e-01
5.72286143071535691e-01	4.58770500000007075e-01
5.73286643321660794e-01	6.14692499999975439e-01
5.74287143571785896e-01	5.10744500000007928e-01
5.75287643821910888e-01	5.93703000000009196e-01
5.76288144072035990e-01	5.28485624999978865e-01
5.77288644322161093e-01	5.63718000000008712e-01
5.78289144572286085e-01	5.69715000000008853e-01
5.79289644822411187e-01	5.36731500000008355e-01
5.80290145072536179e-01	5.42728500000008385e-01
5.81290645322661281e-01	5.48725499999977995e-01
5.82291145572786384e-01	4.67766000000007232e-01
5.83291645822911375e-01	6.43927875000009919e-01
5.84292146073036478e-01	5.48725499999977995e-01
5.85292646323161581e-01	6.11694000000009508e-01
5.86293146573286572e-01	5.60719500000008697e-01
5.87293646823411675e-01	5.51723999999977899e-01
5.88294147073536777e-01	5.45727000000008400e-01
5.89294647323661769e-01	6.08695500000009382e-01
5.90295147573786871e-01	5.76461625000008970e-01
5.91295647823911863e-01	5.27736000000008199e-01
5.92296148074036966e-01	5.09744999999979576e-01
5.93296648324162068e-01	5.87706000000009054e-01
5.94297148574287060e-01	6.17691000000009538e-01
5.95297648824412162e-01	6.05696999999975727e-01
5.96298149074537265e-01	6.00449625000009313e-01
5.97298649324662256e-01	5.75712000000008883e-01
5.98299149574787359e-01	6.05696999999975727e-01
5.99299649824912462e-01	5.90704500000009181e-01
6.00300150075037453e-01	5.63718000000008712e-01
6.01300650325162556e-01	5.87706000000009054e-01
6.02301150575287547e-01	5.27736000000008199e-01
6.03301650825412650e-01	5.77461124999976927e-01
6.04302151075537752e-01	6.61169250000010256e-01
6.05302651325662744e-01	6.50674500000010037e-01
6.06303151575787846e-01	5.99699999999976030e-01
6.07303651825912949e-01	5.90704500000009181e-01
6.08304152076037941e-01	6.14692500000009523e-01
6.09304652326163043e-01	6.18440624999975208e-01
6.10305152576288146e-01	6.11694000000009508e-01
6.11305652826413137e-01	6.26686500000009694e-01
6.12306153076538240e-01	5.27735999999978889e-01
6.13306653326663342e-01	5.78710500000008898e-01
6.14307153576788334e-01	6.30434625000009796e-01
6.15307653826913437e-01	6.83658000000010535e-01
6.16308154077038428e-01	6.44677500000010006e-01
6.17308654327163531e-01	7.04647499999971783e-01
6.18309154577288633e-01	5.63718000000008712e-01
6.19309654827413625e-01	6.29685000000009709e-01
6.20310155077538727e-01	6.57421124999973627e-01
6.21310655327663830e-01	6.02698500000009352e-01
6.22311155577788822e-01	6.20689500000009553e-01
6.23311655827913924e-01	6.23687999999975040e-01
6.24312156078039027e-01	5.86206750000009102e-01
6.25312656328164018e-01	7.29385125000011292e-01
6.26313156578289121e-01	6.53673000000010163e-01
6.27313656828414112e-01	6.83658000000010535e-01
6.28314157078539215e-01	6.44677499999974146e-01
6.29314657328664318e-01	6.50674500000010037e-01
6.30315157578789309e-01	6.78410625000010481e-01
6.31315657828914412e-01	6.47675999999974050e-01
6.32316158079039514e-01	6.33683000000009766e-01
6.33316658329164506e-01	6.38680500000009865e-01
6.34317158579289608e-01	6.26686499999974944e-01
6.35317658829414711e-01	7.05397125000010949e-01
6.36318159079539702e-01	7.55622000000011673e-01
6.37318659329664805e-01	6.83658000000010535e-01
6.38319159579789797e-01	7.04647500000010862e-01
6.39319659829914899e-01	6.57421124999973627e-01
6.40320160080040002e-01	6.83658000000010535e-01
6.41320660330164993e-01	7.04647500000010862e-01
6.42321160580290096e-01	7.31633999999970697e-01
6.43321660830415198e-01	6.09445125000009469e-01
6.44322161080540190e-01	6.98650500000010832e-01
6.45322661330665293e-01	6.73163249999973012e-01
6.46323161580790395e-01	7.37631000000011361e-01
6.47323661830915387e-01	7.92353625000012274e-01
6.48324162081040489e-01	7.31634000000011331e-01
6.49324662331165481e-01	7.04647500000010862e-01
6.50325162581290583e-01	7.20389624999971168e-01
6.51325662831415686e-01	7.52623500000011658e-01
6.52326163081540678e-01	7.43628000000011502e-01
6.53326663331665780e-01	6.99400124999971951e-01
6.54327163581790883e-01	6.95652000000010706e-01
6.55327663831915874e-01	6.23688000000009679e-01
6.56328164082040977e-01	8.28335624999966824e-01
6.57328664332166079e-01	8.72563500000013481e-01
6.58329164582291071e-01	7.92353625000012274e-01
6.59329664832416174e-01	8.09594999999967535e-01
6.60330165082541276e-01	7.56371625000011649e-01
6.61330665332666268e-01	7.50624500000011574e-01
6.62331165582791370e-01	8.61319125000013286e-01
6.63331665832916362e-01	7.64617500000011829e-01
6.64332166083041464e-01	7.11394124999971567e-01
6.65332666333166567e-01	6.54422625000010139e-01
6.66333166583291558e-01	1.11431756250001723e+00
6.67333666833416661e-01	9.56521499999961722e-01
6.68334167083541764e-01	8.39580000000012983e-01
6.69334667333666755e-01	9.17541000000014151e-01
6.70335167583791858e-01	9.07046249999963639e-01
6.71335667833916960e-01	6.68665500000010349e-01
6.72336168084041952e-01	9.77511000000015118e-01
6.73336668334167054e-01	7.04647500000010862e-01
6.74337168584292046e-01	1.01499225000001569e+00
6.75337668834417149e-01	6.64167749999973411e-01
6.76338169084542251e-01	8.45577000000013124e-01
6.77338669334667243e-01	1.17391275000001816e+00
6.78339169584792345e-01	8.05097249999967790e-01
6.79339669834917448e-01	7.25637000000011190e-01
6.80340170085042439e-01	9.67016250000015010e-01
6.81340670335167542e-01	7.55621999999969707e-01
6.82341170585292645e-01	8.05097250000012421e-01
6.83341670835417636e-01	1.03898025000001604e+00
6.84342171085542739e-01	7.88605500000012172e-01
6.85342671335667730e-01	7.73613000000011986e-01
6.86343171585792833e-01	9.76011749999960876e-01
6.87343671835917935e-01	9.29535000000014433e-01
6.88344172086042927e-01	8.69565000000013466e-01
6.89344672336168030e-01	7.70614499999969116e-01
6.90345172586293132e-01	9.94002750000015367e-01
6.91345672836418124e-01	7.74612500000012028e-01
6.92346173086543226e-01	8.24587499999966944e-01
6.93346673336668329e-01	8.41079250000013046e-01
6.94347173586793320e-01	1.00299825000001541e+00
6.95347673836918423e-01	7.97600999999968030e-01
6.96348174087043525e-01	8.18590500000012655e-01
6.97348674337168517e-01	8.00599500000012343e-01
6.98349174587293620e-01	1.12893525000001738e+00
6.99349674837418611e-01	8.23088250000012733e-01
7.00350175087543714e-01	8.30584499999966752e-01
7.01350675337668816e-01	7.16641500000011034e-01
7.02351175587793808e-01	7.91604000000012298e-01
7.03351675837918910e-01	1.08395774999995664e+00
7.04352176088044013e-01	8.69565000000013466e-01
7.05352676338169005e-01	7.97601000000012328e-01
7.06353176588294107e-01	7.69115249999969164e-01
7.07353676838419210e-01	7.43628000000011502e-01
7.08354177088544201e-01	1.19340300000001842e+00
7.09354677338669304e-01	8.42578500000012998e-01
7.10355177588794295e-01	7.85607000000012157e-01
7.11355677838919398e-01	7.94602499999968237e-01
7.12356178089044501e-01	8.15592000000012640e-01
7.13356678339169492e-01	1.05247350000001627e+00
7.14357178589294595e-01	8.42578499999966257e-01
7.15357678839419697e-01	7.94602500000012313e-01
7.16358179089544689e-01	8.15592000000012640e-01
7.17358679339669791e-01	8.42578499999966257e-01
7.18359179589794894e-01	1.08995475000001685e+00
7.19359679839919886e-01	7.70614500000011970e-01
7.20360180090044988e-01	8.45577000000013124e-01
7.21360680340169980e-01	8.72063750000013460e-01
7.22361180590295082e-01	7.94602499999968237e-01
7.23361680840420185e-01	8.87556000000013778e-01
7.24362181090545176e-01	1.02398775000001585e+00
7.25362681340670279e-01	7.16641499999971288e-01
7.26363181590795381e-01	8.54572500000013169e-01
7.27363681840920373e-01	8.27586000000012811e-01
7.28364182091045476e-01	8.60569499999965570e-01
7.29364682341170578e-01	8.86056750000013715e-01
7.30365182591295570e-01	1.00449750000001559e+00
7.31365682841420672e-01	7.61618999999969515e-01
7.32366183091545775e-01	8.18590500000012655e-01
7.33366683341670766e-01	9.26536500000014307e-01
7.34367183591795869e-01	8.75562000000013496e-01
7.35367683841920861e-01	7.97601000000012328e-01
7.36368184092045963e-01	9.61019249999961578e-01
7.37368684342171066e-01	7.31634000000011331e-01
7.38369184592296057e-01	8.90554500000013793e-01
7.39369684842421160e-01	9.37031249999962457e-01
7.40370185092546262e-01	8.69565000000013466e-01
7.41370685342671254e-01	8.36581500000012968e-01
7.42371185592796357e-01	7.37630999999970505e-01
7.43371685842921459e-01	1.05097425000001632e+00
7.44372186093046451e-01	8.54572500000013169e-01
7.45372686343171553e-01	8.27586000000012811e-01
7.46373186593296545e-01	8.36581500000012968e-01
7.47373686843421647e-01	8.15591999999967343e-01
7.48374187093546750e-01	8.00599500000012343e-01
7.49374687343671742e-01	8.53073250000013217e-01
7.50375187593796844e-01	1.03748099999995835e+00
7.51375687843921947e-01	8.43578000000013040e-01
7.52376188094046938e-01	8.36581500000012968e-01
7.53376688344172041e-01	8.51573999999965858e-01
7.54377188594297143e-01	8.60569500000013310e-01
7.55377688844422135e-01	8.21589000000012670e-01
7.56378189094547237e-01	7.73613000000011986e-01
7.57378689344672229e-01	1.02698625000001598e+00
7.58379189594797332e-01	7.82608499999968621e-01
7.59379689844922434e-01	8.68065750000013403e-01
7.60380190095047426e-01	9.53523000000014775e-01
7.61380690345172528e-01	8.09594999999967535e-01
7.62381190595297631e-01	8.27586000000012811e-01
7.63381690845422622e-01	7.79610000000012016e-01
7.64382191095547725e-01	1.08995474999995645e+00
7.65382691345672828e-01	7.94602500000012313e-01
7.66383191595797819e-01	8.60569500000013310e-01
7.67383691845922922e-01	8.24587500000012796e-01
7.68384192096047913e-01	7.79610000000012016e-01
7.69384692346173016e-01	8.66566499999965267e-01
7.70385192596298118e-01	8.89055250000013730e-01
7.71385692846423110e-01	1.04647650000001624e+00
7.72386193096548213e-01	8.24587499999966944e-01
7.73386693346673315e-01	8.03598000000012469e-01
7.74387193596798307e-01	8.63568000000013325e-01
7.75387693846923409e-01	8.18590499999967247e-01
7.76388194097048512e-01	8.54572500000013169e-01
7.77388694347173503e-01	8.51574000000013154e-01
7.78389194597298606e-01	7.94602499999968237e-01
7.79389694847423709e-01	9.58020750000014853e-01
7.80390195097548700e-01	8.21589000000012670e-01
7.81390695347673803e-01	8.82558500000013679e-01
7.82391195597798794e-01	8.80059750000013574e-01
7.83391695847923897e-01	8.21588999999967151e-01
7.84392196098048999e-01	8.39580000000012983e-01
7.85392696348173991e-01	8.87556000000013778e-01
7.86393196598299093e-01	7.76611499999968924e-01
7.87393696848424196e-01	1.09295325000001697e+00
7.88394197098549188e-01	7.67616000000011844e-01
7.89394697348674290e-01	7.88605499999968429e-01
7.90395197598799393e-01	8.33583000000012841e-01
7.91395697848924384e-01	9.13043250000014073e-01
7.92396198099049487e-01	8.48575500000013139e-01
7.93396698349174478e-01	8.21589000000012670e-01
7.94397198599299581e-01	8.68065749999965219e-01
7.95397698849424684e-01	1.07196375000001654e+00
7.96398199099549675e-01	7.25637000000011190e-01
7.97398699349674778e-01	9.02548499999963894e-01
7.98399199599799880e-01	8.12593500000012625e-01
7.99399699849924872e-01	8.27586000000012811e-01
8.00400200100049974e-01	8.36581499999966560e-01
8.01400700350175077e-01	7.82608500000012142e-01
8.02401200600300069e-01	9.02548500000013965e-01
8.03401700850425171e-01	7.82608500000012142e-01
8.04402201100550163e-01	1.13793075000001753e+00
8.05402701350675265e-01	7.73612999999969020e-01
8.06403201600800368e-01	8.62068750000013373e-01
8.07403701850925359e-01	8.81559000000013637e-01
8.08404202101050462e-01	8.06596499999967742e-01
8.09404702351175565e-01	7.73613000000011986e-01
8.10405202601300556e-01	8.12593500000012625e-01
8.11405702851425659e-01	8.18590499999967247e-01
8.12406203101550761e-01	1.09245350000001684e+00
8.13406703351675753e-01	8.75562000000013496e-01
8.14407203601800855e-01	8.63567999999965474e-01
8.15407703851925958e-01	7.55622000000011673e-01
8.16408204102050949e-01	9.05547000000013980e-01
8.17408704352176052e-01	8.06596500000012484e-01
8.18409204602301044e-01	8.21589000000012670e-01
8.19409704852426146e-01	8.35082249999966608e-01
8.20410205102551249e-01	8.12593500000012625e-01
8.21410705352676240e-01	1.05097425000001632e+00
8.22411205602801343e-01	8.15591999999967343e-01
8.23411705852926445e-01	9.17541000000014151e-01
8.24412206103051437e-01	8.18590500000012655e-01
8.25412706353176540e-01	8.00599499999967934e-01
8.26413206603301642e-01	8.66566500000013451e-01
8.27413706853426634e-01	9.23538000000014292e-01
8.28414207103551736e-01	7.43628000000011502e-01
8.29414707353676728e-01	8.12593500000012625e-01
8.30415207603801830e-01	1.01199374999995939e+00
8.31415707853926933e-01	8.87556000000013778e-01
8.32416208104051925e-01	7.66116750000011892e-01
8.33416708354177027e-01	9.13043249999963447e-01
8.34417208604302130e-01	8.30584500000012826e-01
8.35417708854427121e-01	8.60569500000013310e-01
8.36418209104552224e-01	7.88605499999968429e-01
8.37418709354677326e-01	8.96551500000013823e-01
8.38419209604802318e-01	8.09595000000012499e-01
8.39419709854927421e-01	1.02398775000001585e+00
8.40420210105052412e-01	8.63568000000013325e-01
8.41420710355177515e-01	7.67615999999969323e-01
8.42421210605302617e-01	8.63568000000013325e-01
8.43421710855427609e-01	8.22588500000012712e-01
8.44422211105552711e-01	8.30584499999966752e-01
8.45422711355677814e-01	9.08545500000014106e-01
8.46423211605802805e-01	8.00599500000012343e-01
8.47423711855927908e-01	8.71064249999965123e-01
8.48424212106053011e-01	1.08695625000001672e+00
8.49424712356178002e-01	7.88605500000012172e-01
8.50425212606303105e-01	7.85606999999968525e-01
8.51425712856428207e-01	8.36581500000012968e-01
8.52426213106553199e-01	7.93103250000012250e-01
8.53426713356678301e-01	8.57571000000013295e-01
8.54427213606803293e-01	8.72563500000013481e-01
8.55427713856928396e-01	8.33582999999966656e-01
8.56428214107053498e-01	8.42578500000012998e-01
8.57428714357178490e-01	8.33583000000012841e-01
8.58429214607303592e-01	1.10794574999995565e+00
8.59429714857428695e-01	7.88605500000012172e-01
8.60430215107553686e-01	8.12593500000012625e-01
8.61430715357678789e-01	8.77061249999964931e-01
8.62431215607803892e-01	7.46626500000011517e-01
8.63431715857928883e-01	8.60569500000013310e-01
8.64432216108053986e-01	7.91604000000012298e-01
8.65432716358178977e-01	9.20539500000014277e-01
8.66433216608304080e-01	8.48575499999966065e-01
8.67433716858429182e-01	1.02398775000001585e+00
8.68434217108554174e-01	9.17541000000014151e-01
8.69434717358679277e-01	7.85606999999968525e-01
8.70435217608804379e-01	8.00599500000012343e-01
8.71435717858929371e-01	9.11544000000014121e-01
8.72436218109054473e-01	7.30134749999970745e-01
8.73436718359179576e-01	8.36581500000012968e-01
8.74437218609304567e-01	8.22588500000012712e-01
8.75437718859429670e-01	8.84557500000013652e-01
8.76438219109554661e-01	8.57571000000013295e-01
8.77438719359679764e-01	1.05247349999995787e+00
8.78439219609804867e-01	8.66566500000013451e-01
8.79439719859929858e-01	8.36581500000012968e-01
8.80440220110054961e-01	7.91603999999968333e-01
8.81440720360180063e-01	8.84557500000013652e-01
8.82441220610305055e-01	7.25637000000011190e-01
8.83441720860430157e-01	8.18590499999967247e-01
8.84442221110555260e-01	8.24587500000012796e-01
8.85442721360680252e-01	9.02548500000013965e-01
8.86443221610805354e-01	8.39579999999966353e-01
8.87443721860930457e-01	1.06596675000001651e+00
8.88444222111055448e-01	8.75562000000013496e-01
8.89444722361180551e-01	8.48575500000013139e-01
8.90445222611305542e-01	7.67616000000011844e-01
8.91445722861430645e-01	8.27585999999966848e-01
8.92446223111555748e-01	8.48575500000013139e-01
8.93446723361680739e-01	8.33583000000012841e-01
8.94447223611805842e-01	7.76611499999968924e-01
8.95447723861930944e-01	8.09595000000012499e-01
8.96448224112055936e-01	8.93553000000013808e-01
8.97448724362181038e-01	1.11394274999995546e+00
8.98449224612306141e-01	8.54572500000013169e-01
8.99449724862431133e-01	8.21589000000012670e-01
9.00450225112556235e-01	8.27586000000012811e-01
9.01450725362681227e-01	8.24587500000012796e-01
9.02451225612806329e-01	8.84557499999964580e-01
9.03451725862931432e-01	7.22638500000011175e-01
9.04452226113056423e-01	7.82608500000012142e-01
9.05452726363181526e-01	8.22588499999967082e-01
9.06453226613306629e-01	8.87556000000013778e-01
9.07453726863431620e-01	1.13193375000001750e+00
9.08454227113556723e-01	8.80059749999964724e-01
9.09454727363681825e-01	8.39580000000012983e-01
9.10455227613806817e-01	8.06596500000012484e-01
9.11455727863931919e-01	8.24587500000012796e-01
9.12456228114056911e-01	8.17091250000012592e-01
9.13456728364182013e-01	8.18590499999967247e-01
9.14457228614307116e-01	7.73613000000011986e-01
9.15457728864432108e-01	8.36581500000012968e-01
9.16458229114557210e-01	8.06596499999967742e-01
9.17458729364682313e-01	1.14092925000001766e+00
9.18459229614807304e-01	8.87556000000013778e-01
9.19459729864932407e-01	8.72563499999965075e-01
9.20460230115057509e-01	7.73613000000011986e-01
9.21460730365182501e-01	7.94602500000012313e-01
9.22461230615307604e-01	9.05547000000013980e-01
9.23461730865432595e-01	7.85607000000012157e-01
9.24462231115557698e-01	8.05097249999967790e-01
9.25462731365682800e-01	7.76611500000012001e-01
9.26463231615807792e-01	8.06596500000012484e-01
9.27463731865932894e-01	1.17990974999995268e+00
9.28464232116057997e-01	9.08545500000014106e-01
9.29464732366182989e-01	7.79610000000012016e-01
9.30465232616308091e-01	8.42578499999966257e-01
9.31465732866433194e-01	8.35082250000012905e-01
9.32466233116558185e-01	8.30584500000012826e-01
9.33466733366683288e-01	8.06596499999967742e-01
9.34467233616808390e-01	8.15592000000012640e-01
9.35467733866933382e-01	7.49625000000011643e-01
9.36468234117058485e-01	7.82608500000012142e-01
9.37468734367183476e-01	1.20489725000001857e+00
9.38469234617308579e-01	8.75561999999964979e-01
9.39469734867433681e-01	7.97601000000012328e-01
9.40470235117558673e-01	9.02548500000013965e-01
9.41470735367683775e-01	7.99100249999967982e-01
9.42471235617808878e-01	8.48575500000013139e-01
9.43471735867933869e-01	8.39580000000012983e-01
9.44472236118058972e-01	8.03597999999967838e-01
9.45472736368184075e-01	7.79610000000012016e-01
9.46473236618309066e-01	7.10644500000011003e-01
9.47473736868434169e-01	1.15592175000001784e+00
9.48474237118559160e-01	9.29535000000014433e-01
9.49474737368684263e-01	8.72563499999965075e-01
9.50475237618809365e-01	8.35082250000012905e-01
9.51475737868934357e-01	8.21589000000012670e-01
9.52476238119059460e-01	7.67615999999969323e-01
9.53476738369184562e-01	8.57571000000013295e-01
9.54477238619309554e-01	8.30584500000012826e-01
9.55477738869434656e-01	7.73612999999969020e-01
9.56478239119559759e-01	7.31634000000011331e-01
9.57478739369684750e-01	9.11544000000014121e-01
9.58479239619809853e-01	1.18440750000001827e+00
9.59479739869934845e-01	8.66566500000013451e-01
9.60480240120059947e-01	8.24587499999966944e-01
9.61480740370185050e-01	7.76611500000012001e-01
9.62481240620310041e-01	8.72563500000013481e-01
9.63481740870435144e-01	8.24587499999966944e-01
9.64482241120560246e-01	7.67616000000011844e-01
9.65482741370685238e-01	8.03598000000012469e-01
9.66483241620810340e-01	8.09594999999967535e-01
9.67483741870935443e-01	8.48575500000013139e-01
9.68484242121060435e-01	1.18090925000001823e+00
9.69484742371185537e-01	8.38080749999966401e-01
9.70485242621310640e-01	8.15592000000012640e-01
9.71485742871435631e-01	8.18590500000012655e-01
9.72486243121560734e-01	8.42578500000012998e-01
9.73486743371685725e-01	8.36581500000012968e-01
9.74487243621810828e-01	7.85606999999968525e-01
9.75487743871935931e-01	8.09595000000012499e-01
9.76488244122060922e-01	8.50074750000013202e-01
9.77488744372186025e-01	7.55621999999969707e-01
9.78489244622311127e-01	8.78560500000013622e-01
9.79489744872436119e-01	1.14092925000001766e+00
9.80490245122561221e-01	9.08545499999963591e-01
9.81490745372686324e-01	8.00599500000012343e-01
9.82491245622811316e-01	7.58620500000011688e-01
9.83491745872936418e-01	7.88605500000012172e-01
9.84492246123061410e-01	9.14542500000014136e-01
9.85492746373186512e-01	8.24587499999966944e-01
9.86493246623311615e-01	8.00599500000012343e-01
9.87493746873436606e-01	7.63118250000011766e-01
9.88494247123561709e-01	9.02548499999963894e-01
9.89494747373686812e-01	1.11394275000001719e+00
9.90495247623811803e-01	8.66566500000013451e-01
9.91495747873936906e-01	8.60569499999965570e-01
9.92496248124062008e-01	7.70614500000011970e-01
9.93496748374187000e-01	7.93103250000012250e-01
9.94497248624312102e-01	8.60569500000013310e-01
9.95497748874437094e-01	8.00599500000012343e-01
9.96498249124562196e-01	8.48575499999966065e-01
9.97498749374687299e-01	7.64617500000011829e-01
9.98499249624812291e-01	8.96551500000013823e-01
9.99499749874937393e-01	8.21589000000012670e-01
1.00050025012506238e+00	1.11794074999995519e+00
1.00150075037518760e+00	8.96551499999964085e-01
1.00250125062531259e+00	7.64617500000054240e-01
1.00350175087543758e+00	8.48575499999966065e-01
1.00450225112556280e+00	8.00599499999967934e-01
1.00550275137568779e+00	8.60569500000061050e-01
1.00650325162581278e+00	7.93103249999968285e-01
1.00750375187593799e+00	7.70614499999969116e-01
1.00850425212606298e+00	8.60569500000061050e-01
1.00950475237618797e+00	8.66566499999965267e-01
1.01050525262631319e+00	1.11394274999995546e+00
1.01150575287643818e+00	9.02548500000064036e-01
1.01250625312656317e+00	7.63118250000054177e-01
1.01350675337668816e+00	8.00599499999967934e-01
1.01450725362681338e+00	8.24587499999966944e-01
1.01550775387693837e+00	9.14542500000064873e-01
1.01650825412706336e+00	7.88605499999968429e-01
1.01750875437718857e+00	7.58620499999969611e-01
1.01850925462731356e+00	8.00599500000056863e-01
1.01950975487743856e+00	9.08545499999963591e-01
1.02051025512756377e+00	1.14092924999995438e+00
1.02151075537768876e+00	8.78560500000062361e-01
1.02251125562781375e+00	7.55621999999969707e-01
1.02351175587793897e+00	8.50074749999966017e-01
1.02451225612806396e+00	8.09595000000057463e-01
1.02551275637818895e+00	7.85606999999968525e-01
1.02651325662831416e+00	8.36581499999966560e-01
1.02751375687843916e+00	8.42578500000059849e-01
1.02851425712856415e+00	8.18590499999967247e-01
1.02951475737868936e+00	8.15591999999967343e-01
1.03051525762881435e+00	8.38080750000059438e-01
1.03151575787893934e+00	1.18090924999995273e+00
1.03251625812906456e+00	8.48575499999966065e-01
1.03351675837918955e+00	8.09595000000057463e-01
1.03451725862931454e+00	8.03597999999967838e-01
1.03551775887943975e+00	7.67615999999969323e-01
1.03651825912956475e+00	8.24587500000058538e-01
1.03751875937968974e+00	8.72563500000061887e-01
1.03851925962981473e+00	7.76611499999968924e-01
1.03951975987993994e+00	8.24587499999966944e-01
1.04052026013006493e+00	8.66566500000061524e-01
1.04152076038018992e+00	1.18440749999995254e+00
1.04252126063031514e+00	9.11543999999963495e-01
1.04352176088044013e+00	7.31634000000051965e-01
1.04452226113056512e+00	7.73612999999969020e-01
1.04552276138069034e+00	8.30584499999966752e-01
1.04652326163081533e+00	8.57571000000060812e-01
1.04752376188094032e+00	7.67615999999969323e-01
1.04852426213106553e+00	8.21588999999967151e-01
1.04952476238119052e+00	8.35082250000059312e-01
1.05052526263131552e+00	8.72563499999965075e-01
1.05152576288144073e+00	9.29534999999962808e-01
1.05252626313156572e+00	1.15592175000008202e+00
1.05352676338169071e+00	7.10644499999971591e-01
1.05452726363181593e+00	7.79609999999968828e-01
1.05552776388194092e+00	8.03598000000056989e-01
1.05652826413206591e+00	8.39579999999966353e-01
1.05752876438219112e+00	8.48575499999966065e-01
1.05852926463231611e+00	7.99100250000056689e-01
1.05952976488244111e+00	9.02548500000064036e-01
1.06053026513256610e+00	7.97600999999968030e-01
1.06153076538269131e+00	8.75561999999964979e-01
1.06253126563281630e+00	1.20489725000008541e+00
1.06353176588294129e+00	7.82608499999968621e-01
1.06453226613306651e+00	7.49624999999970010e-01
1.06553276638319150e+00	8.15592000000057937e-01
1.06653326663331649e+00	8.06596499999967742e-01
1.06753376688344170e+00	8.30584499999966752e-01
1.06853426713356670e+00	8.35082250000059312e-01
1.06953476738369169e+00	8.42578499999966257e-01
1.07053526763381690e+00	7.79609999999968828e-01
1.07153576788394189e+00	9.08545500000064510e-01
1.07253626813406688e+00	1.17990974999995268e+00
1.07353676838419210e+00	8.06596499999967742e-01
1.07453726863431709e+00	7.76611500000055077e-01
1.07553776888444208e+00	8.05097249999967790e-01
1.07653826913456729e+00	7.85606999999968525e-01
1.07753876938469229e+00	9.05547000000064273e-01
1.07853926963481728e+00	7.94602499999968237e-01
1.07953976988494249e+00	7.73612999999969020e-01
1.08054027013506748e+00	8.72563500000061887e-01
1.08154077038519247e+00	8.87555999999964484e-01
1.08254127063531769e+00	1.14092924999995438e+00
1.08354177088544268e+00	8.06596500000057226e-01
1.08454227113556767e+00	8.36581500000059375e-01
1.08554277138569266e+00	7.73612999999969020e-01
1.08654327163581788e+00	8.18590499999967247e-01
1.08754377188594287e+00	8.17091250000058000e-01
1.08854427213606786e+00	8.24587499999966944e-01
1.08954477238619307e+00	8.06596499999967742e-01
1.09054527263631806e+00	8.39580000000059612e-01
1.09154577288644306e+00	8.80059749999964724e-01
1.09254627313656827e+00	1.13193374999995466e+00
1.09354677338669326e+00	8.87556000000062961e-01
1.09454727363681825e+00	8.22588499999967082e-01
1.09554777388694347e+00	7.82608499999968621e-01
1.09654827413706846e+00	7.22638500000051254e-01
1.09754877438719345e+00	8.84557499999964580e-01
1.09854927463731866e+00	8.24587499999966944e-01
1.09954977488744365e+00	8.27586000000058775e-01
1.10055027513756865e+00	8.21588999999967151e-01
1.10155077538769386e+00	8.54572499999965762e-01
1.10255127563781885e+00	1.11394275000007914e+00
1.10355177588794384e+00	8.93552999999964181e-01
1.10455227613806906e+00	8.09594999999967535e-01
1.10555277638819405e+00	7.76611500000055077e-01
1.10655327663831904e+00	8.33582999999966656e-01
1.10755377688844425e+00	8.48575499999966065e-01
1.10855427713856924e+00	8.27586000000058775e-01
1.10955477738869424e+00	7.67616000000054477e-01
1.11055527763881923e+00	8.48575499999966065e-01
1.11155577788894444e+00	8.75561999999964979e-01
1.11255627813906943e+00	1.06596675000007557e+00
1.11355677838919442e+00	8.39579999999966353e-01
1.11455727863931964e+00	9.02548499999963894e-01
1.11555777888944463e+00	8.24587500000058538e-01
1.11655827913956962e+00	8.18590499999967247e-01
1.11755877938969483e+00	7.25636999999971000e-01
1.11855927963981983e+00	8.84557500000062724e-01
1.11955977988994482e+00	7.91603999999968333e-01
1.12056028014007003e+00	8.36581499999966560e-01
1.12156078039019502e+00	8.66566500000061524e-01
1.12256128064032001e+00	1.05247349999995787e+00
1.12356178089044523e+00	8.57570999999965666e-01
1.12456228114057022e+00	8.84557500000062724e-01
1.12556278139069521e+00	8.22588499999967082e-01
1.12656328164082042e+00	8.36581499999966560e-01
1.12756378189094542e+00	7.30134750000051791e-01
1.12856428214107041e+00	9.11543999999963495e-01
1.12956478239119562e+00	8.00599499999967934e-01
1.13056528264132061e+00	7.85607000000055788e-01
1.13156578289144560e+00	9.17541000000065110e-01
1.13256628314157060e+00	1.02398774999995901e+00
1.13356678339169581e+00	8.48575499999966065e-01
1.13456728364182080e+00	9.20539500000065347e-01
1.13556778389194579e+00	7.91603999999968333e-01
1.13656828414207101e+00	8.60569499999965570e-01
1.13756878439219600e+00	7.46626500000053039e-01
1.13856928464232099e+00	8.77061249999964931e-01
1.13956978489244620e+00	8.12593499999967439e-01
1.14057028514257119e+00	7.88605500000055915e-01
1.14157078539269619e+00	1.10794574999995565e+00
1.14257128564282140e+00	8.33582999999966656e-01
1.14357178589294639e+00	8.42578500000059849e-01
1.14457228614307138e+00	8.33582999999966656e-01
1.14557278639319660e+00	8.72563499999965075e-01
1.14657328664332159e+00	8.57571000000060812e-01
1.14757378689344658e+00	7.93103249999968285e-01
1.14857428714357179e+00	8.36581499999966560e-01
1.14957478739369678e+00	7.85607000000055788e-01
1.15057528764382178e+00	7.88605499999968429e-01
1.15157578789394699e+00	1.08695624999995655e+00
1.15257628814407198e+00	8.71064250000061824e-01
1.15357678839419697e+00	8.00599499999967934e-01
1.15457728864432219e+00	9.08545499999963591e-01
1.15557778889444718e+00	8.30584500000058901e-01
1.15657828914457217e+00	8.22588500000058342e-01
1.15757878939469716e+00	8.63567999999965474e-01
1.15857928964482237e+00	7.67615999999969323e-01
1.15957978989494737e+00	8.63568000000061287e-01
1.16058029014507236e+00	1.02398774999995901e+00
1.16158079039519757e+00	8.09594999999967535e-01
1.16258129064532256e+00	8.96551500000063673e-01
1.16358179089544755e+00	7.88605499999968429e-01
1.16458229114557277e+00	8.60569499999965570e-01
1.16558279139569776e+00	8.30584500000058901e-01
1.16658329164582275e+00	9.13043249999963447e-01
1.16758379189594796e+00	7.66116749999969371e-01
1.16858429214607296e+00	8.87556000000062961e-01
1.16958479239619795e+00	1.01199374999995939e+00
1.17058529264632316e+00	8.12593499999967439e-01
1.17158579289644815e+00	7.43628000000052802e-01
1.17258629314657314e+00	9.23537999999963000e-01
1.17358679339669836e+00	8.66566499999965267e-01
1.17458729364682335e+00	8.00599500000056863e-01
1.17558779389694834e+00	8.18590499999967247e-01
1.17658829414707355e+00	9.17540999999963303e-01
1.17758879439719855e+00	8.15592000000057937e-01
1.17858929464732354e+00	1.05097425000007449e+00
1.17958979489744853e+00	8.12593499999967439e-01
1.18059029514757374e+00	8.35082249999966608e-01
1.18159079539769873e+00	8.21589000000058300e-01
1.18259129564782373e+00	8.06596499999967742e-01
1.18359179589794894e+00	9.05546999999963798e-01
1.18459229614807393e+00	7.55622000000053640e-01
1.18559279639819892e+00	8.63567999999965474e-01
1.18659329664832414e+00	8.75561999999964979e-01
1.18759379689844913e+00	1.09245350000007746e+00
1.18859429714857412e+00	8.18590499999967247e-01
1.18959479739869933e+00	8.12593499999967439e-01
1.19059529764882432e+00	7.73613000000054951e-01
1.19159579789894932e+00	8.06596499999967742e-01
1.19259629814907453e+00	8.81558999999964676e-01
1.19359679839919952e+00	8.62068750000061224e-01
1.19459729864932451e+00	7.73612999999969020e-01
1.19559779889944973e+00	1.13793074999995447e+00
1.19659829914957472e+00	7.82608500000055551e-01
1.19759879939969971e+00	9.02548499999963894e-01
1.19859929964982492e+00	7.82608499999968621e-01
1.19959979989994991e+00	8.36581500000059375e-01
1.20060030015007491e+00	8.27585999999966848e-01
1.20160080040020012e+00	8.12593499999967439e-01
1.20260130065032511e+00	9.02548500000064036e-01
1.20360180090045010e+00	7.25637000000051491e-01
1.20460230115057509e+00	1.07196374999995703e+00
1.20560280140070031e+00	8.68065749999965219e-01
1.20660330165082530e+00	8.21589000000058300e-01
1.20760380190095029e+00	8.48575499999966065e-01
1.20860430215107550e+00	9.13043249999963447e-01
1.20960480240120050e+00	8.33583000000059138e-01
1.21060530265132549e+00	7.88605499999968429e-01
1.21160580290145070e+00	7.67615999999969323e-01
1.21260630315157569e+00	1.09295325000007759e+00
1.21360680340170068e+00	7.76611499999968924e-01
1.21460730365182590e+00	8.87555999999964484e-01
1.21560780390195089e+00	8.39580000000059612e-01
1.21660830415207588e+00	8.21588999999967151e-01
1.21760880440220109e+00	8.80059749999964724e-01
1.21860930465232609e+00	8.82558500000062640e-01
1.21960980490245108e+00	8.21588999999967151e-01
1.22061030515257629e+00	9.58020749999961674e-01
1.22161080540270128e+00	7.94602500000056389e-01
1.22261130565282627e+00	8.51573999999965858e-01
1.22361180590295149e+00	8.54572499999965762e-01
1.22461230615307648e+00	8.18590500000058063e-01
1.22561280640320147e+00	8.63567999999965474e-01
1.22661330665332668e+00	8.03597999999967838e-01
1.22761380690345168e+00	8.24587500000058538e-01
1.22861430715357667e+00	1.04647650000007419e+00
1.22961480740370166e+00	8.89055249999964436e-01
1.23061530765382687e+00	8.66566499999965267e-01
1.23161580790395186e+00	7.79610000000055314e-01
1.23261630815407686e+00	8.24587499999966944e-01
1.23361680840420207e+00	8.60569499999965570e-01
1.23461730865432706e+00	7.94602500000056389e-01
1.23561780890445205e+00	1.08995474999995645e+00
1.23661830915457727e+00	7.79609999999968828e-01
1.23761880940470226e+00	8.27586000000058775e-01
1.23861930965482725e+00	8.09594999999967535e-01
1.23961980990495246e+00	9.53522999999961818e-01
1.24062031015507745e+00	8.68065750000061587e-01
1.24162081040520245e+00	7.82608499999968621e-01
1.24262131065532766e+00	1.02698624999995891e+00
1.24362181090545265e+00	7.73613000000054951e-01
1.24462231115557764e+00	8.21588999999967151e-01
1.24562281140570286e+00	8.60569499999965570e-01
1.24662331165582785e+00	8.51574000000060449e-01
1.24762381190595284e+00	8.36581499999966560e-01
1.24862431215607805e+00	8.43577999999966188e-01
1.24962481240620304e+00	1.03748100000007359e+00
1.25062531265632804e+00	8.53073250000060512e-01
1.25162581290645303e+00	8.00599499999967934e-01
1.25262631315657824e+00	8.15591999999967343e-01
1.25362681340670323e+00	8.36581500000059375e-01
1.25462731365682822e+00	8.27585999999966848e-01
1.25562781390695344e+00	8.54572499999965762e-01
1.25662831415707843e+00	1.05097425000007449e+00
1.25762881440720342e+00	7.37630999999970505e-01
1.25862931465732864e+00	8.36581499999966560e-01
1.25962981490745363e+00	8.69565000000061761e-01
1.26063031515757862e+00	9.37031249999962457e-01
1.26163081540770383e+00	8.90554499999964388e-01
1.26263131565782882e+00	7.31634000000051965e-01
1.26363181590795381e+00	9.61019249999961578e-01
1.26463231615807903e+00	7.97600999999968030e-01
1.26563281640820402e+00	8.75562000000062124e-01
1.26663331665832901e+00	9.26536499999962904e-01
1.26763381690845423e+00	8.18590499999967247e-01
1.26863431715857922e+00	7.61619000000054003e-01
1.26963481740870421e+00	1.00449749999995985e+00
1.27063531765882942e+00	8.86056749999964532e-01
1.27163581790895441e+00	8.60569500000061050e-01
1.27263631815907940e+00	8.27585999999966848e-01
1.27363681840920462e+00	8.54572499999965762e-01
1.27463731865932961e+00	7.16641500000050891e-01
1.27563781890945460e+00	1.02398775000007269e+00
1.27663831915957959e+00	8.87555999999964484e-01
1.27763881940970481e+00	7.94602499999968237e-01
1.27863931965982980e+00	8.72063750000061866e-01
1.27963981990995479e+00	8.45576999999966161e-01
1.28064032016008000e+00	7.70614499999969116e-01
1.28164082041020500e+00	1.08995475000007747e+00
1.28264132066032999e+00	8.42578499999966257e-01
1.28364182091045520e+00	8.15591999999967343e-01
1.28464232116058019e+00	7.94602500000056389e-01
1.28564282141070518e+00	8.42578499999966257e-01
1.28664332166083040e+00	1.05247349999995787e+00
1.28764382191095539e+00	8.15592000000057937e-01
1.28864432216108038e+00	7.94602499999968237e-01
1.28964482241120559e+00	7.85606999999968525e-01
1.29064532266133059e+00	8.42578500000059849e-01
1.29164582291145558e+00	1.19340299999995225e+00
1.29264632316158079e+00	7.43627999999970202e-01
1.29364682341170578e+00	7.69115250000054540e-01
1.29464732366183077e+00	7.97600999999968030e-01
1.29564782391195599e+00	8.69564999999965171e-01
1.29664832416208098e+00	1.08395775000007699e+00
1.29764882441220597e+00	7.91604000000056152e-01
1.29864932466233096e+00	7.16641499999971288e-01
1.29964982491245618e+00	8.30584499999966752e-01
1.30065032516258117e+00	8.23088250000058363e-01
1.30165082541270616e+00	1.12893524999995476e+00
1.30265132566283137e+00	8.00599499999967934e-01
1.30365182591295636e+00	8.18590500000058063e-01
1.30465232616308136e+00	7.97600999999968030e-01
1.30565282641320657e+00	1.00299824999995990e+00
1.30665332666333156e+00	8.41079250000059675e-01
1.30765382691345655e+00	8.24587499999966944e-01
1.30865432716358177e+00	7.74612499999968951e-01
1.30965482741370676e+00	9.94002750000070545e-01
1.31065532766383175e+00	7.70614499999969116e-01
1.31165582791395696e+00	8.69564999999965171e-01
1.31265632816408195e+00	9.29535000000065947e-01
1.31365682841420695e+00	9.76011749999960876e-01
1.31465732866433216e+00	7.73612999999969020e-01
1.31565782891445715e+00	7.88605500000055915e-01
1.31665832916458214e+00	1.03898024999995831e+00
1.31765882941470736e+00	8.05097249999967790e-01
1.31865932966483235e+00	7.55622000000053640e-01
1.31965982991495734e+00	9.67016249999961275e-01
1.32066033016508255e+00	7.25636999999971000e-01
1.32166083041520754e+00	8.05097250000057163e-01
1.32266133066533254e+00	1.17391275000008322e+00
1.32366183091545753e+00	8.45576999999966161e-01
1.32466233116558274e+00	6.64167749999973411e-01
1.32566283141570773e+00	1.01499225000007209e+00
1.32666333166583272e+00	7.04647499999971783e-01
1.32766383191595794e+00	9.77510999999960828e-01
1.32866433216608293e+00	6.68665500000047430e-01
1.32966483241620792e+00	9.07046249999963639e-01
1.33066533266633313e+00	9.17540999999963303e-01
1.33166583291645813e+00	8.39580000000059612e-01
1.33266633316658312e+00	9.56521499999961722e-01
1.33366683341670833e+00	1.11431756249995528e+00
1.33466733366683332e+00	6.54422625000046443e-01
1.33566783391695831e+00	7.11394124999971567e-01
1.33666833416708353e+00	7.64617499999969419e-01
1.33766883441720852e+00	8.61319125000061137e-01
1.33866933466733351e+00	7.50624499999969941e-01
1.33966983491745872e+00	7.56371624999969683e-01
1.34067033516758372e+00	8.09595000000057463e-01
1.34167083541770871e+00	7.92353624999968309e-01
1.34267133566783392e+00	8.72563499999965075e-01
1.34367183591795891e+00	8.28335625000058751e-01
1.34467233616808390e+00	6.23687999999975040e-01
1.34567283641820912e+00	6.95651999999972181e-01
1.34667333666833411e+00	6.99400125000049666e-01
1.34767383691845910e+00	7.43628000000052802e-01
1.34867433716858409e+00	7.52623499999969914e-01
1.34967483741870931e+00	7.20389624999971168e-01
1.35067533766883430e+00	7.04647500000050053e-01
1.35167583791895929e+00	7.31633999999970697e-01
1.35267633816908450e+00	7.92353624999968309e-01
1.35367683841920949e+00	7.37631000000052328e-01
1.35467733866933449e+00	6.73163249999973012e-01
1.35567783891945970e+00	6.98650499999971974e-01
1.35667833916958469e+00	6.09445125000043220e-01
1.35767883941970968e+00	7.31633999999970697e-01
1.35867933966983490e+00	7.04647499999971783e-01
1.35967983991995989e+00	6.83658000000048505e-01
1.36068034017008488e+00	6.57421124999973627e-01
1.36168084042021009e+00	7.04647499999971783e-01
1.36268134067033508e+00	6.83658000000048505e-01
1.36368184092046008e+00	7.55621999999969707e-01
1.36468234117058529e+00	7.05397124999971759e-01
1.36568284142071028e+00	6.26686500000044444e-01
1.36668334167083527e+00	6.38680499999974449e-01
1.36768384192096049e+00	6.33682999999974683e-01
1.36868434217108548e+00	6.47676000000045993e-01
1.36968484242121047e+00	6.78410625000048118e-01
1.37068534267133546e+00	6.50674499999973954e-01
1.37168584292146067e+00	6.44677499999974146e-01
1.37268634317158567e+00	6.83658000000048505e-01
1.37368684342171066e+00	6.53672999999973858e-01
1.37468734367183587e+00	7.29385124999970769e-01
1.37568784392196086e+00	5.86206750000041632e-01
1.37668834417208585e+00	6.23687999999975040e-01
1.37768884442221107e+00	6.20689499999975136e-01
1.37868934467233606e+00	6.02698500000042769e-01
1.37968984492246105e+00	6.57421124999973627e-01
1.38069034517258626e+00	6.29684999999974737e-01
1.38169084542271126e+00	5.63718000000040020e-01
1.38269134567283625e+00	7.04647499999971783e-01
1.38369184592296146e+00	6.44677499999974146e-01
1.38469234617308645e+00	6.83658000000048505e-01
1.38569284642321144e+00	6.30434624999974713e-01
1.38669334667333666e+00	5.78710499999976813e-01
1.38769384692346165e+00	5.27736000000037397e-01
1.38869434717358664e+00	6.26686499999974944e-01
1.38969484742371185e+00	6.11693999999975535e-01
1.39069534767383685e+00	6.18440625000043931e-01
1.39169584792396184e+00	6.14692499999975439e-01
1.39269634817408705e+00	5.90704499999976318e-01
1.39369684842421204e+00	5.99700000000042532e-01
1.39469734867433703e+00	6.50674500000046230e-01
1.39569784892446203e+00	6.61169249999973507e-01
1.39669834917458724e+00	5.77461124999976927e-01
1.39769884942471223e+00	5.27736000000037397e-01
1.39869934967483722e+00	5.87705999999976525e-01
1.39969984992496244e+00	5.63717999999977404e-01
1.40070035017508743e+00	5.90704500000041932e-01
1.40170085042521242e+00	6.05696999999975727e-01
1.40270135067533763e+00	5.75711999999976909e-01
1.40370185092546262e+00	6.00449625000042619e-01
1.40470235117558762e+00	6.05696999999975727e-01
1.40570285142571283e+00	6.17690999999975232e-01
1.40670335167583782e+00	5.87706000000041695e-01
1.40770385192596281e+00	5.09744999999979576e-01
1.40870435217608803e+00	5.27735999999978889e-01
1.40970485242621302e+00	5.76461625000040945e-01
1.41070535267633801e+00	6.08695499999975631e-01
1.41170585292646322e+00	5.45726999999978202e-01
1.41270635317658821e+00	5.51724000000039183e-01
1.41370685342671321e+00	5.60719499999977500e-01
1.41470735367683842e+00	6.11693999999975535e-01
1.41570785392696341e+00	5.48725500000038946e-01
1.41670835417708840e+00	6.43927875000045669e-01
1.41770885442721339e+00	4.67765999999981252e-01
1.41870935467733861e+00	5.48725499999977995e-01
1.41970985492746360e+00	5.42728500000038472e-01
1.42071035517758859e+00	5.36731499999978490e-01
1.42171085542771380e+00	5.69714999999977212e-01
1.42271135567783880e+00	5.63718000000040020e-01
1.42371185592796379e+00	5.28485624999978865e-01
1.42471235617808900e+00	5.93702999999976222e-01
1.42571285642821399e+00	5.10744500000036239e-01
1.42671335667833898e+00	6.14692499999975439e-01
1.42771385692846420e+00	4.58770499999981651e-01
1.42871435717858919e+00	5.57721000000039546e-01
1.42971485742871418e+00	4.91753999999980318e-01
1.43071535767883939e+00	5.52473624999977875e-01
1.43171585792896439e+00	5.54722500000039420e-01
1.43271635817908938e+00	5.21738999999979081e-01
1.43371685842921459e+00	4.94752499999980166e-01
1.43471735867933958e+00	6.05697000000043007e-01
1.43571785892946457e+00	5.03747999999979879e-01
1.43671835917958979e+00	5.27735999999978889e-01
1.43771885942971478e+00	5.83208250000041395e-01
1.43871935967983977e+00	4.86506624999980541e-01
1.43971985992996498e+00	4.52773499999981899e-01
1.44072036018008998e+00	5.12743500000036434e-01
1.44172086043021497e+00	5.57721000000039546e-01
1.44272136068033996e+00	4.97750999999980070e-01
1.44372186093046517e+00	5.36731499999978490e-01
1.44472236118059016e+00	5.06746500000035960e-01
1.44572286143071516e+00	5.51723999999977899e-01
1.44672336168084037e+00	5.22488624999979057e-01
1.44772386193096536e+00	5.18740500000036797e-01
1.44872436218109035e+00	4.22788499999983081e-01
1.44972486243121557e+00	5.33732999999978586e-01
1.45072536268134056e+00	5.00749500000035486e-01
1.45172586293146555e+00	5.33732999999978586e-01
1.45272636318159076e+00	4.64767499999981404e-01
1.45372686343171575e+00	5.11494125000036326e-01
1.45472736368184075e+00	4.97750999999980070e-01
1.45572786393196596e+00	5.21738999999979081e-01
1.45672836418209095e+00	5.12743500000036434e-01
1.45772886443221594e+00	5.12743499999979480e-01
1.45872936468234116e+00	4.63268249999981452e-01
1.45972986493246615e+00	4.73763000000033629e-01
1.46073036518259114e+00	5.30734499999978793e-01
1.46173086543271635e+00	4.40779499999982338e-01
1.46273136568284134e+00	5.10494625000036173e-01
1.46373186593296634e+00	4.58770499999981651e-01
1.46473236618309155e+00	4.85756999999980565e-01
1.46573286643321654e+00	5.24737500000037271e-01
1.46673336668334153e+00	4.79760000000034048e-01
1.46773386693346652e+00	5.18740499999979288e-01
1.46873436718359174e+00	4.64767499999981404e-01
1.46973486743371673e+00	4.31784000000030643e-01
1.47073536768384172e+00	5.16491624999979360e-01
1.47173586793396693e+00	4.37780999999982490e-01
1.47273636818409193e+00	5.21739000000037034e-01
1.47373686843421692e+00	4.22788499999983081e-01
1.47473736868434213e+00	4.46776499999982091e-01
1.47573786893446712e+00	5.33733000000037872e-01
1.47673836918459211e+00	4.43777999999982242e-01
1.47773886943471733e+00	5.21738999999979081e-01
1.47873936968484232e+00	4.54272750000032255e-01
1.47973986993496731e+00	4.62518624999981476e-01
1.48074037018509252e+00	4.82758499999980661e-01
1.48174087043521752e+00	4.29785000000030504e-01
1.48274137068534251e+00	4.94752499999980166e-01
1.48374187093546772e+00	3.95801999999984166e-01
1.48474237118559271e+00	4.64767500000032974e-01
1.48574287143571770e+00	4.94752499999980166e-01
1.48674337168584292e+00	4.43777999999982242e-01
1.48774387193596791e+00	4.83508125000034317e-01
1.48874437218609290e+00	4.70764500000033392e-01
1.48974487243621789e+00	4.31783999999982737e-01
1.49074537268634311e+00	4.55771999999981747e-01
1.49174587293646810e+00	4.28785500000030406e-01
1.49274637318659309e+00	4.82758499999980661e-01
1.49374687343671830e+00	3.98800499999984015e-01
1.49474737368684329e+00	4.40779500000031299e-01
1.49574787393696829e+00	5.00749499999979975e-01
1.49674837418709350e+00	4.44527624999982218e-01
1.49774887443721849e+00	4.64767500000032974e-01
1.49874937468734348e+00	4.51274249999981947e-01
1.49974987493746870e+00	4.04797499999983768e-01
1.50075037518759369e+00	4.43778000000031481e-01
1.50175087543771868e+00	4.55771999999981747e-01
1.50275137568784389e+00	4.04797499999983768e-01
1.50375187593796888e+00	4.34782500000030880e-01
1.50475237618809388e+00	3.95801999999984166e-01
1.50575287643821909e+00	5.01499124999979951e-01
1.50675337668834408e+00	4.58770500000032555e-01
1.50775387693846907e+00	4.31783999999982737e-01
1.50875437718859429e+00	4.32783499999982668e-01
1.50975487743871928e+00	4.16791500000029569e-01
1.51075537768884427e+00	4.37780999999982490e-01
1.51175587793896948e+00	4.31783999999982737e-01
1.51275637818909447e+00	3.95802000000028076e-01
1.51375687843921947e+00	4.10794500000029150e-01
1.51475737868934446e+00	4.52773499999981899e-01
1.51575787893946967e+00	4.35532124999982562e-01
1.51675837918959466e+00	4.55772000000032318e-01
1.51775887943971965e+00	4.19789999999983177e-01
1.51875937968984487e+00	4.01798999999983919e-01
1.51975987993996986e+00	4.03298250000028613e-01
1.52076038019009485e+00	4.19789999999983177e-01
1.52176088044022007e+00	4.22788499999983081e-01
1.52276138069034506e+00	3.92803500000027894e-01
1.52376188094047005e+00	4.25786999999982929e-01
1.52476238119059526e+00	4.29535124999982809e-01
1.52576288144072025e+00	4.10794500000029150e-01
1.52676338169084524e+00	4.58770499999981651e-01
1.52776388194097046e+00	3.92803499999984262e-01
1.52876438219109545e+00	3.68815500000026164e-01
1.52976488244122044e+00	4.16791499999983328e-01
1.53076538269134566e+00	4.28785499999982833e-01
1.53176588294147065e+00	4.16791500000029569e-01
1.53276638319159564e+00	3.74812499999985005e-01
1.53376688344172085e+00	4.10794499999983576e-01
1.53476738369184584e+00	3.99550125000028344e-01
1.53576788394197083e+00	4.38780500000031159e-01
1.53676838419209583e+00	4.07795999999983672e-01
1.53776888444222104e+00	4.22788499999983081e-01
1.53876938469234603e+00	3.68815500000026164e-01
1.53976988494247102e+00	3.58320749999985644e-01
1.54077038519259624e+00	4.07795999999983672e-01
1.54177088544272123e+00	4.67766000000033211e-01
1.54277138569284622e+00	3.68815499999985252e-01
1.54377188594297143e+00	3.54572624999985819e-01
1.54477238619309643e+00	3.74812500000026583e-01
1.54577288644322142e+00	4.43777999999982242e-01
1.54677338669334663e+00	3.83807999999984661e-01
1.54777388694347162e+00	4.07796000000028913e-01
1.54877438719359661e+00	3.68815499999985252e-01
1.54977488744372183e+00	3.74812499999985005e-01
1.55077538769384682e+00	3.98800500000028313e-01
1.55177588794397181e+00	4.34782499999982586e-01
1.55277638819409702e+00	3.68815499999985252e-01
1.55377688844422202e+00	3.60569625000025595e-01
1.55477738869434701e+00	3.68815499999985252e-01
1.55577788894447222e+00	4.16791499999983328e-01
1.55677838919459721e+00	3.86806500000027476e-01
1.55777888944472220e+00	3.53822999999985843e-01
1.55877938969484742e+00	4.09295249999983624e-01
1.55977988994497241e+00	3.89805000000027657e-01
1.56078039019509740e+00	3.59820000000025508e-01
1.56178089044522239e+00	3.66816499999985335e-01
1.56278139069534761e+00	4.10794499999983576e-01
1.56378189094547260e+00	3.48575625000024758e-01
1.56478239119559759e+00	3.83807999999984661e-01
1.56578289144572280e+00	3.26836499999986929e-01
1.56678339169584779e+00	4.43778000000031481e-01
1.56778389194597279e+00	3.26836499999986929e-01
1.56878439219609800e+00	4.37780999999982490e-01
1.56978489244622299e+00	3.26836500000023178e-01
1.57078539269634798e+00	3.53822999999985843e-01
1.57178589294647320e+00	3.83807999999984661e-01
1.57278639319659819e+00	3.86806500000027476e-01
1.57378689344672318e+00	3.36581624999986506e-01
1.57478739369684839e+00	3.50824499999985939e-01
1.57578789394697338e+00	3.71814000000026401e-01
1.57678839419709838e+00	3.92803499999984262e-01
1.57778889444722359e+00	3.98800499999984015e-01
1.57878939469734858e+00	3.34332750000023715e-01
1.57978989494747357e+00	3.47825999999986091e-01
1.58079039519759879e+00	3.74812499999985005e-01
1.58179089544772378e+00	3.56821500000025327e-01
1.58279139569784877e+00	3.35831999999986530e-01
1.58379189594797398e+00	3.84557624999984582e-01
1.58479239619809897e+00	3.56821500000025327e-01
1.58579289644822397e+00	3.41829000000024252e-01
1.58679339669834896e+00	3.59819999999985596e-01
1.58779389694847417e+00	3.93802999999984249e-01
1.58879439719859916e+00	3.29835000000023415e-01
1.58979489744872415e+00	3.77810999999984853e-01
1.59079539769884937e+00	3.02848499999987864e-01
1.59179589794897436e+00	3.11844000000022104e-01
1.59279639819909935e+00	3.86806499999984510e-01
1.59379689844922456e+00	3.93553124999984238e-01
1.59479739869934956e+00	3.20839500000022759e-01
1.59579789894947455e+00	3.50824499999985939e-01
1.59679839919959976e+00	3.29834999999986778e-01
1.59779889944972475e+00	3.46326750000024552e-01
1.59879939969984974e+00	3.71813999999985101e-01
1.59979989994997496e+00	3.29834999999986778e-01
1.60080040020009995e+00	3.02848500000021503e-01
1.60180090045022494e+00	3.17840999999987273e-01
1.60280140070035015e+00	4.10794499999983576e-01
1.60380190095047515e+00	3.63568125000025777e-01
1.60480240120060014e+00	3.41828999999986338e-01
1.60580290145072535e+00	3.11843999999987520e-01
1.60680340170085034e+00	3.29835000000023415e-01
1.60780390195097533e+00	3.32833500000023597e-01
1.60880440220110033e+00	3.65816999999985348e-01
1.60980490245122554e+00	2.93852999999988262e-01
1.61080540270135053e+00	3.38830500000024071e-01
1.61180590295147552e+00	3.29834999999986778e-01
1.61280640320160074e+00	3.69814999999985183e-01
1.61380690345172573e+00	3.05847000000021685e-01
1.61480740370185072e+00	3.57571124999985668e-01
1.61580790395197593e+00	3.44827499999986187e-01
1.61680840420210092e+00	2.80359750000019892e-01
1.61780890445222592e+00	3.65816999999985348e-01
1.61880940470235113e+00	3.14842499999987369e-01
1.61980990495247612e+00	3.20839500000022759e-01
1.62081040520260111e+00	3.02848499999987864e-01
1.62181090545272633e+00	3.32833499999986682e-01
1.62281140570285132e+00	3.32833500000023597e-01
1.62381190595297631e+00	3.17840999999987273e-01
1.62481240620310152e+00	3.45577124999986163e-01
1.62581290645322651e+00	3.62818500000025745e-01
1.62681340670335151e+00	2.87855999999988454e-01
1.62781390695347672e+00	2.96851499999988111e-01
1.62881440720360171e+00	3.14842500000022341e-01
1.62981490745372670e+00	3.53822999999985843e-01
1.63081540770385192e+00	3.05846999999987768e-01
1.63181590795397691e+00	2.96851500000021085e-01
1.63281640820410190e+00	3.23838000000022996e-01
1.63381690845422689e+00	3.05846999999987768e-01
1.63481740870435210e+00	3.75562124999984981e-01
1.63581790895447710e+00	3.43328250000024371e-01
1.63681840920460209e+00	2.57870999999989692e-01
1.63781890945472730e+00	2.67865999999989279e-01
1.63881940970485229e+00	3.08845500000021922e-01
1.63981990995497728e+00	3.32833499999986682e-01
1.64082041020510250e+00	3.32833499999986682e-01
1.64182091045522749e+00	2.81859000000020010e-01
1.64282141070535248e+00	3.41828999999986338e-01
1.64382191095547769e+00	2.93852999999988262e-01
1.64482241120560269e+00	3.17841000000022578e-01
1.64582291145572768e+00	3.51574124999985915e-01
1.64682341170585289e+00	2.48875499999990035e-01
1.64782391195597788e+00	2.66866500000018936e-01
1.64882441220610287e+00	3.14842499999987369e-01
1.64982491245622809e+00	3.11843999999987520e-01
1.65082541270635308e+00	3.29835000000023415e-01
1.65182591295647807e+00	2.90854499999988358e-01
1.65282641320660328e+00	3.41828999999986338e-01
1.65382691345672828e+00	2.63868000000018699e-01
1.65482741370685327e+00	3.07346249999987720e-01
1.65582791395697848e+00	3.30584624999986754e-01
1.65682841420710347e+00	2.48875500000017652e-01
1.65782891445722846e+00	2.78860500000019773e-01
1.65882941470735346e+00	2.99849999999988015e-01
1.65982991495747867e+00	2.93852999999988262e-01
1.66083041520760366e+00	3.03848000000021545e-01
1.66183091545772865e+00	3.35831999999986530e-01
1.66283141570785387e+00	2.78860499999988853e-01
1.66383191595797886e+00	2.72863500000019354e-01
1.66483241620810385e+00	2.87855999999988454e-01
1.66583291645822906e+00	2.78860499999988853e-01
1.66683341670835405e+00	3.30584625000023447e-01
1.66783391695847905e+00	2.30884499999990750e-01
1.66883441720860426e+00	3.02848499999987864e-01
1.66983491745872925e+00	3.05847000000021685e-01
1.67083541770885424e+00	2.69864999999989197e-01
1.67183591795897946e+00	3.41828999999986338e-01
1.67283641820910445e+00	2.53373250000017980e-01
1.67383691845922944e+00	2.81858999999988702e-01
1.67483741870935465e+00	2.24887499999990997e-01
1.67583791895947964e+00	3.56821500000025327e-01
1.67683841920960464e+00	3.03598124999987840e-01
1.67783891945972985e+00	2.42878499999990283e-01
1.67883941970985484e+00	2.78860500000019773e-01
1.67983991995997983e+00	2.93853000000020848e-01
1.68084042021010482e+00	2.84857499999988606e-01
1.68184092046023004e+00	2.90854499999988358e-01
1.68284142071035503e+00	2.39880000000017024e-01
1.68384192096048002e+00	2.81858999999988702e-01
1.68484242121060523e+00	2.67865999999989279e-01
1.68584292146073023e+00	3.05847000000021685e-01
1.68684342171085522e+00	2.87855999999988454e-01
1.68784392196098043e+00	2.46626624999990135e-01
1.68884442221110542e+00	2.75862000000019592e-01
1.68984492246123041e+00	2.93852999999988262e-01
1.69084542271135563e+00	2.65367249999989396e-01
1.69184592296148062e+00	2.93853000000020848e-01
1.69284642321160561e+00	2.66866499999989293e-01
1.69384692346173082e+00	1.88905499999992427e-01
1.69484742371185582e+00	2.93853000000020848e-01
1.69584792396198081e+00	2.99849999999988015e-01
1.69684842421210602e+00	2.78860499999988853e-01
1.69784892446223101e+00	2.76611625000019623e-01
1.69884942471235600e+00	2.60869499999989540e-01
1.69984992496248122e+00	2.72863499999989101e-01
1.70085042521260621e+00	1.91904000000013619e-01
1.70185092546273120e+00	2.96851499999988111e-01
1.70285142571285641e+00	2.69864999999989197e-01
1.70385192596298141e+00	2.39880000000017024e-01
1.70485242621310640e+00	2.63868000000018699e-01
1.70585292646323139e+00	3.29834999999986778e-01
1.70685342671335660e+00	2.58870499999989623e-01
1.70785392696348159e+00	2.56371750000018217e-01
1.70885442721360659e+00	2.25637124999990973e-01
1.70985492746373180e+00	2.90854499999988358e-01
1.71085542771385679e+00	1.67916000000011917e-01
1.71185592796398178e+00	3.20839499999987177e-01
1.71285642821410700e+00	2.48875499999990035e-01
1.71385692846423199e+00	2.48875500000017652e-01
1.71485742871435698e+00	2.66866499999989293e-01
1.71585792896448219e+00	2.75861999999988949e-01
1.71685842921460718e+00	2.54872500000018098e-01
1.71785892946473218e+00	2.36881499999990530e-01
1.71885942971485739e+00	2.49625124999990011e-01
1.71985992996498238e+00	2.15892000000015322e-01
1.72086043021510737e+00	2.51873999999989939e-01
1.72186093046523259e+00	2.75861999999988949e-01
1.72286143071535758e+00	2.57871000000018280e-01
1.72386193096548257e+00	2.39879999999990406e-01
1.72486243121560778e+00	2.53373249999989836e-01
1.72586293146573277e+00	2.66866500000018936e-01
1.72686343171585777e+00	2.24887500000015950e-01
1.72786393196598276e+00	2.54872499999989788e-01
1.72886443221610797e+00	2.23638124999991056e-01
1.72986493246623296e+00	2.45877000000017443e-01
1.73086543271635795e+00	2.60869499999989540e-01
1.73186593296648317e+00	2.18890499999991245e-01
1.73286643321660816e+00	2.78860500000019773e-01
1.73386693346673315e+00	2.03897999999991836e-01
1.73486743371685836e+00	2.66866499999989293e-01
1.73586793396698336e+00	2.36881500000016815e-01
1.73686843421710835e+00	2.15891999999991369e-01
1.73786893446723356e+00	2.42878499999990283e-01
1.73886943471735855e+00	2.54872500000018098e-01
1.73986993496748354e+00	2.43628124999990259e-01
1.74087043521760876e+00	2.48875499999990035e-01
1.74187093546773375e+00	2.26386750000016068e-01
1.74287143571785874e+00	2.30884499999990750e-01
1.74387193596798395e+00	2.24887499999990997e-01
1.74487243621810895e+00	2.30884500000016368e-01
1.74587293646823394e+00	2.12893499999991465e-01
1.74687343671835915e+00	2.60869499999989540e-01
1.74787393696848414e+00	2.33883000000016605e-01
1.74887443721860913e+00	2.30884499999990750e-01
1.74987493746873435e+00	2.83608124999988664e-01
1.75087543771885934e+00	1.52923500000010842e-01
1.75187593796898433e+00	2.30884500000016368e-01
1.75287643821910932e+00	2.54872499999989788e-01
1.75387693846923454e+00	2.21888999999991121e-01
1.75487743871935953e+00	1.73913000000012335e-01
1.75587793896948452e+00	3.02848499999987864e-01
1.75687843921960973e+00	1.97900999999992083e-01
1.75787893946973472e+00	2.71364250000019236e-01
1.75887943971985972e+00	2.12893499999991465e-01
1.75987993996998493e+00	1.80659624999992774e-01
1.76088044022010992e+00	2.03898000000014457e-01
1.76188094047023491e+00	2.51873999999989939e-01
1.76288144072036013e+00	2.15891999999991369e-01
1.76388194097048512e+00	2.24887500000015950e-01
1.76488244122061011e+00	1.97900999999992083e-01
1.76588294147073532e+00	2.69864999999989197e-01
1.76688344172086031e+00	1.94902500000013829e-01
1.76788394197098531e+00	2.27885999999990874e-01
1.76888444222111052e+00	2.06896499999991712e-01
1.76988494247123551e+00	2.10644625000014935e-01
1.77088544272136050e+00	2.31883999999990709e-01
1.77188594297148572e+00	1.79909999999992798e-01
1.77288644322161071e+00	2.51874000000017861e-01
1.77388694347173570e+00	1.90404749999992379e-01
1.77488744372186091e+00	2.03897999999991836e-01
1.77588794397198591e+00	2.24887500000015950e-01
1.77688844422211090e+00	2.33883000000016605e-01
1.77788894447223589e+00	1.94902499999992207e-01
1.77888944472236110e+00	2.21888999999991121e-01
1.77988994497248609e+00	2.07646125000014725e-01
1.78089044522261108e+00	2.27885999999990874e-01
1.78189094547273630e+00	1.97900999999992083e-01
1.78289144572286129e+00	1.88905500000013410e-01
1.78389194597298628e+00	1.82908499999992674e-01
1.78489244622311150e+00	2.54872499999989788e-01
1.78589294647323649e+00	1.97901000000014038e-01
1.78689344672336148e+00	1.79909999999992798e-01
1.78789394697348669e+00	2.27885999999990874e-01
1.78889444722361168e+00	2.19640125000015590e-01
1.78989494747373667e+00	1.94402749999992214e-01
1.79089544772386189e+00	2.06896499999991712e-01
1.79189594797398688e+00	1.76911500000012545e-01
1.79289644822411187e+00	1.85906999999992550e-01
1.79389694847423709e+00	2.33882999999990626e-01
1.79489744872436208e+00	1.82908500000012963e-01
1.79589794897448707e+00	2.09894999999991588e-01
1.79689844922461228e+00	1.97900999999992083e-01
1.79789894947473727e+00	1.97901000000014038e-01
1.79889944972486227e+00	2.01649125000014307e-01
1.79989994997498726e+00	1.91903999999992331e-01
1.80090045022511247e+00	1.58920499999993636e-01
1.80190095047523746e+00	2.24887500000015950e-01
1.80290145072536245e+00	2.00899499999991960e-01
1.80390195097548767e+00	1.88905499999992427e-01
1.80490245122561266e+00	1.96401750000013947e-01
1.80590295147573765e+00	1.82908499999992674e-01
1.80690345172586286e+00	2.00899499999991960e-01
1.80790395197598786e+00	2.00899500000014247e-01
1.80890445222611285e+00	1.84657624999992609e-01
1.80990495247623806e+00	1.82908499999992674e-01
1.81090545272636305e+00	2.21889000000015740e-01
1.81190595297648804e+00	1.49924999999994008e-01
1.81290645322661326e+00	2.09894999999991588e-01
1.81390695347673825e+00	1.67916000000011917e-01
1.81490745372686324e+00	1.82908499999992674e-01
1.81590795397698845e+00	1.91903999999992331e-01
1.81690845422711345e+00	2.06896500000014666e-01
1.81790895447723844e+00	1.56671624999993736e-01
1.81890945472736365e+00	2.17391249999991293e-01
1.81990995497748864e+00	1.61919000000011498e-01
1.82091045522761363e+00	1.76911499999992922e-01
1.82191095547773885e+00	1.70914499999993169e-01
1.82291145572786384e+00	1.91904000000013619e-01
1.82391195597798883e+00	1.82908500000012963e-01
1.82491245622811382e+00	1.88905499999992427e-01
1.82591295647823904e+00	1.76911499999992922e-01
1.82691345672836403e+00	2.14642625000015241e-01
1.82791395697848902e+00	1.28935499999994846e-01
1.82891445722861423e+00	1.70914499999993169e-01
1.82991495747873922e+00	1.79910000000012754e-01
1.83091545772886422e+00	1.82908499999992674e-01
1.83191595797898943e+00	1.76911499999992922e-01
1.83291645822911442e+00	1.87406250000013291e-01
1.83391695847923941e+00	1.58920499999993636e-01
1.83491745872936463e+00	1.85906999999992550e-01
1.83591795897948962e+00	1.47676125000010483e-01
1.83691845922961461e+00	1.88905499999992427e-01
1.83791895947973982e+00	1.46926499999994131e-01
1.83891945972986481e+00	2.00899500000014247e-01
1.83991995997998981e+00	1.88905499999992427e-01
1.84092046023011502e+00	1.31933999999994722e-01
1.84192096048024001e+00	1.46926500000010424e-01
1.84292146073036500e+00	2.18890499999991245e-01
1.84392196098049022e+00	1.47925999999994090e-01
1.84492246123061521e+00	1.68665625000011976e-01
1.84592296148074020e+00	1.61919000000011498e-01
1.84692346173086519e+00	1.81409249999992750e-01
1.84792396198099040e+00	1.40929499999994351e-01
1.84892446223111540e+00	1.43928000000010214e-01
1.84992496248124039e+00	1.58920499999993636e-01
1.85092546273136560e+00	1.82908499999992674e-01
1.85192596298149059e+00	1.67916000000011917e-01
1.85292646323161558e+00	1.73912999999993045e-01
1.85392696348174080e+00	1.53673124999993860e-01
1.85492746373186579e+00	1.79910000000012754e-01
1.85592796398199078e+00	1.25936999999994970e-01
1.85692846423211599e+00	1.55921999999993760e-01
1.85792896448224099e+00	1.55922000000011052e-01
1.85892946473236598e+00	1.76911499999992922e-01
1.85992996498249119e+00	1.54422749999993808e-01
1.86093046523261618e+00	1.32933500000009419e-01
1.86193096548274117e+00	1.61918999999993513e-01
1.86293146573286639e+00	1.86656624999992526e-01
1.86393196598299138e+00	1.13943000000008079e-01
1.86493246623311637e+00	1.70914499999993169e-01
1.86593296648324158e+00	1.49924999999994008e-01
1.86693346673336658e+00	1.46926500000010424e-01
1.86793396698349157e+00	1.43927999999994227e-01
1.86893446723361678e+00	1.49924999999994008e-01
1.86993496748374177e+00	1.46926500000010424e-01
1.87093546773386676e+00	1.80659625000012813e-01
1.87193596798399176e+00	1.16941499999995313e-01
1.87293646823411697e+00	1.42428749999994303e-01
1.87393696848424196e+00	1.55922000000011052e-01
1.87493746873436695e+00	1.31933999999994722e-01
1.87593796898449217e+00	1.56921499999993719e-01
1.87693846923461716e+00	1.43928000000010214e-01
1.87793896948474215e+00	1.43927999999994227e-01
1.87893946973486736e+00	1.41679124999994327e-01
1.87993996998499235e+00	1.52923500000010842e-01
1.88094047023511735e+00	1.28935499999994846e-01
1.88194097048524256e+00	1.31933999999994722e-01
1.88294147073536755e+00	1.46926500000010424e-01
1.88394197098549254e+00	1.40929499999994351e-01
1.88494247123561776e+00	1.36431749999994550e-01
1.88594297148574275e+00	1.55922000000011052e-01
1.88694347173586774e+00	1.26686624999994918e-01
1.88794397198599295e+00	1.28935499999994846e-01
1.88894447223611794e+00	1.46926500000010424e-01
1.88994497248624294e+00	1.31933999999994722e-01
1.89094547273636815e+00	1.26936499999994928e-01
1.89194597298649314e+00	1.28935500000009140e-01
1.89294647323661813e+00	1.37930999999994475e-01
1.89394697348674335e+00	1.46926499999994131e-01
1.89494747373686834e+00	1.05697125000007497e-01
1.89594797398699333e+00	1.57421250000011170e-01
1.89694847423711832e+00	1.04947499999995794e-01
1.89794897448724353e+00	1.07945999999995684e-01
1.89894947473736853e+00	1.49925000000010633e-01
1.89994997498749352e+00	1.43927999999994227e-01
1.90095047523761873e+00	1.31933999999994722e-01
1.90195097548774372e+00	1.05697125000007497e-01
1.90295147573786871e+00	1.37930999999994475e-01
1.90395197598799393e+00	1.16941499999995313e-01
1.90495247623811892e+00	1.05947000000007521e-01
1.90595297648824391e+00	1.43927999999994227e-01
1.90695347673836912e+00	1.27436249999994894e-01
1.90795397698849412e+00	9.89505000000070190e-02
1.90895447723861911e+00	1.40929499999994351e-01
1.90995497748874432e+00	1.14692624999995413e-01
1.91095547773886931e+00	1.13943000000008079e-01
1.91195597798899430e+00	1.28935499999994846e-01
1.91295647823911952e+00	1.07945999999995684e-01
1.91395697848924451e+00	1.13943000000008079e-01
1.91495747873936950e+00	1.13942999999995437e-01
1.91595797898949471e+00	1.16941499999995313e-01
1.91695847923961971e+00	1.35682125000009618e-01
1.91795897948974470e+00	9.54522500000067747e-02
1.91895947973986969e+00	1.25936999999994970e-01
1.91995997998999490e+00	8.99549999999963990e-02
1.92096048024011989e+00	1.22938500000008721e-01
1.92196098049024489e+00	1.25936999999994970e-01
1.92296148074037010e+00	1.10944499999995561e-01
1.92396198099049509e+00	9.67016250000068550e-02
1.92496248124062008e+00	8.39579999999966464e-02
1.92596298149074530e+00	1.37930999999994475e-01
1.92696348174087029e+00	8.84557500000062724e-02
1.92796398199099528e+00	1.10944499999995561e-01
1.92896448224112049e+00	1.10944499999995561e-01
1.92996498249124548e+00	1.15692125000008209e-01
1.93096548274137048e+00	8.69564999999965227e-02
1.93196598299149569e+00	1.25936999999994970e-01
1.93296648324162068e+00	6.29685000000044653e-02
1.93396698349174567e+00	1.19939999999995203e-01
1.93496748374187089e+00	9.59519999999961654e-02
1.93596798399199588e+00	1.11694125000007929e-01
1.93696848424212087e+00	8.54572499999965846e-02
1.93796898449224608e+00	9.59519999999961654e-02
1.93896948474237107e+00	8.09595000000057491e-02
1.93996998499249607e+00	1.16941499999995313e-01
1.94097048524262128e+00	9.69514999999961241e-02
1.94197098549274627e+00	9.37031250000066457e-02
1.94297148574287126e+00	8.99550000000063771e-02
1.94397198599299625e+00	8.09594999999967563e-02
1.94497248624312147e+00	1.09445249999995622e-01
1.94597298649324646e+00	7.19640000000051072e-02
1.94697348674337145e+00	1.01948999999995918e-01
1.94797398699349666e+00	8.77061249999964848e-02
1.94897448724362166e+00	9.29535000000066003e-02
1.94997498749374665e+00	7.19639999999971136e-02
1.95097548774387186e+00	8.79559999999964814e-02
1.95197598799399685e+00	8.69565000000061677e-02
1.95297648824412184e+00	8.84557499999964608e-02
1.95397698849424706e+00	8.17091249999967323e-02
1.95497748874437205e+00	7.79610000000055259e-02
1.95597798899449704e+00	8.39579999999966464e-02
1.95697848924462225e+00	7.49624999999970038e-02
1.95797898949474725e+00	8.39580000000059584e-02
1.95897948974487224e+00	6.97151249999972134e-02
1.95997998999499745e+00	9.09544999999963577e-02
1.96098049024512244e+00	5.84707500000041513e-02
1.96198099049524743e+00	7.79609999999968800e-02
1.96298149074537265e+00	8.09594999999967563e-02
1.96398199099549764e+00	8.17091250000057945e-02
1.96498249124562263e+00	4.79760000000034048e-02
1.96598299149574762e+00	8.09594999999967563e-02
1.96698349174587284e+00	7.64617499999969419e-02
1.96798399199599783e+00	8.17091250000057945e-02
1.96898449224612282e+00	3.99799999999983988e-02
1.96998499249624803e+00	7.79609999999968800e-02
1.97098549274637302e+00	5.09745000000036141e-02
1.97198599299649802e+00	8.09594999999967563e-02
1.97298649324662323e+00	5.47226249999978112e-02
1.97398699349674822e+00	5.84707500000041513e-02
1.97498749374687321e+00	5.39729999999978421e-02
1.97598799399699843e+00	8.19589999999967150e-02
1.97698849424712342e+00	3.97301250000028153e-02
1.97798899449724841e+00	5.69714999999977184e-02
1.97898949474737362e+00	5.84707499999976635e-02
1.97998999499749861e+00	5.47226250000038827e-02
1.98099049524762361e+00	5.09744999999979589e-02
1.98199099549774882e+00	4.59769999999981582e-02
1.98299149574787381e+00	5.99700000000042560e-02
1.98399199599799880e+00	3.82308749999984709e-02
1.98499249624812402e+00	5.69714999999977184e-02
1.98599299649824901e+00	3.89805000000027629e-02
1.98699349674837400e+00	3.97301249999984091e-02
1.98799399699849921e+00	3.54822499999985774e-02
1.98899449724862420e+00	5.09745000000036141e-02
1.98999499749874920e+00	3.37331250000023966e-02
1.99099549774887419e+00	3.59819999999985568e-02
1.99199599799899940e+00	3.02348749999987905e-02
1.99299649824912439e+00	3.59820000000025536e-02
1.99399699849924938e+00	2.77361249999988901e-02
1.99499749874937460e+00	2.24887499999990997e-02
1.99599799899949959e+00	2.27386250000016117e-02
1.99699849924962458e+00	2.32383749999990688e-02
1.99799899949974979e+00	1.59919999999993609e-02
1.99899949974987479e+00	1.19939999999995207e-02
2.00000000000000000e+00	6.74662499999898607e-03
